# X values | Y values
0.000000000000000000e+00 | 4.678740533462046436e+00
1.000000000000000000e+00 | 3.218009911810558510e+00
2.000000000000000000e+00 | 5.278379062861869642e+00
3.000000000000000000e+00 | 6.182950308362917369e+00
4.000000000000000000e+00 | 5.893778222131622613e+00
5.000000000000000000e+00 | 2.907370784506895234e+00
6.000000000000000000e+00 | 6.582820373521110824e+00
7.000000000000000000e+00 | 4.187428511095408368e+00
8.000000000000000000e+00 | 7.261921678388930879e+00
9.000000000000000000e+00 | 4.059474681330011769e+00
1.000000000000000000e+01 | 5.788620064243930052e+00
1.100000000000000000e+01 | 7.359977027375542491e+00
1.200000000000000000e+01 | 3.937284751114835224e+00
1.300000000000000000e+01 | 3.842219950422752994e+00
1.400000000000000000e+01 | 6.194875501122593775e+00
1.500000000000000000e+01 | 4.402546962996605195e+00
1.600000000000000000e+01 | 4.710397276828538260e+00
1.700000000000000000e+01 | 5.526619402296226724e+00
1.800000000000000000e+01 | 4.166423814650134005e+00
1.900000000000000000e+01 | 6.860546646718388430e+00
2.000000000000000000e+01 | 7.372043526398010194e+00
2.100000000000000000e+01 | 3.536826847734766410e+00
2.200000000000000000e+01 | 5.989716321467717819e+00
2.300000000000000000e+01 | 3.331667896296706566e+00
2.400000000000000000e+01 | 6.365014715659475186e+00
2.500000000000000000e+01 | 7.139325453595056992e+00
2.600000000000000000e+01 | 6.037583259421211324e+00
2.700000000000000000e+01 | 6.067245040362363007e+00
2.800000000000000000e+01 | 4.571205510639758884e+00
2.900000000000000000e+01 | 6.468842387669125671e+00
3.000000000000000000e+01 | 6.526650175670402731e+00
3.100000000000000000e+01 | 6.775912274843634897e+00
3.200000000000000000e+01 | 6.407995591648809608e+00
3.300000000000000000e+01 | 4.606291569460950086e+00
3.400000000000000000e+01 | 6.822249612912310468e+00
3.500000000000000000e+01 | 2.983797141146896426e+00
3.600000000000000000e+01 | 4.656532603036779072e+00
3.700000000000000000e+01 | 4.176800461514877938e+00
3.800000000000000000e+01 | 4.185056796527097944e+00
3.900000000000000000e+01 | 4.660801877339214805e+00
4.000000000000000000e+01 | 5.036889306943027833e+00
4.100000000000000000e+01 | 3.323034109482106757e+00
4.200000000000000000e+01 | 4.690509136067146478e+00
4.300000000000000000e+01 | 5.098872163629843968e+00
4.400000000000000000e+01 | 6.386790861830070831e+00
4.500000000000000000e+01 | 5.455241334752547466e+00
4.600000000000000000e+01 | 5.829068496499411722e+00
4.700000000000000000e+01 | 4.945758731087236626e+00
4.800000000000000000e+01 | 4.710175078638118684e+00
4.900000000000000000e+01 | 7.048582060614889677e+00
5.000000000000000000e+01 | 4.903380126374820236e+00
5.100000000000000000e+01 | 5.858331540517191627e+00
5.200000000000000000e+01 | 5.920377240128198437e+00
5.300000000000000000e+01 | 3.916518785348148235e+00
5.400000000000000000e+01 | 7.367169765517664004e+00
5.500000000000000000e+01 | 5.083682548276549973e+00
5.600000000000000000e+01 | 3.787813847747642626e+00
5.700000000000000000e+01 | 4.427117857745180629e+00
5.800000000000000000e+01 | 6.745432568897033576e+00
5.900000000000000000e+01 | 3.314515667323786108e+00
6.000000000000000000e+01 | 4.772298750250029364e+00
6.100000000000000000e+01 | 3.849265737818514221e+00
6.200000000000000000e+01 | 7.276033952833836693e+00
6.300000000000000000e+01 | 5.643079680277161891e+00
6.400000000000000000e+01 | 6.157588118939095523e+00
6.500000000000000000e+01 | 4.934164662755662789e+00
6.600000000000000000e+01 | 4.599707994743989836e+00
6.700000000000000000e+01 | 4.199595442647062526e+00
6.800000000000000000e+01 | 6.049227483347250356e+00
6.900000000000000000e+01 | 4.745012196755709510e+00
7.000000000000000000e+01 | 3.492301358110507792e+00
7.100000000000000000e+01 | 6.304910589616417482e+00
7.200000000000000000e+01 | 4.089583401413749542e+00
7.300000000000000000e+01 | 7.025229669501612761e+00
7.400000000000000000e+01 | 5.887349793597518754e+00
7.500000000000000000e+01 | 4.452447829616554387e+00
7.600000000000000000e+01 | 5.396722637698343483e+00
7.700000000000000000e+01 | 3.600742825881465770e+00
7.800000000000000000e+01 | 4.703444854361643834e+00
7.900000000000000000e+01 | 4.203837276326611416e+00
8.000000000000000000e+01 | 4.870352308717976086e+00
8.100000000000000000e+01 | 5.151120400955707446e+00
8.200000000000000000e+01 | 3.714302450444969761e+00
8.300000000000000000e+01 | 3.889047446020819976e+00
8.400000000000000000e+01 | 7.606875400144593513e+00
8.500000000000000000e+01 | 6.929490061057865802e+00
8.600000000000000000e+01 | 4.798292973285228413e+00
8.700000000000000000e+01 | 7.174678012515700587e+00
8.800000000000000000e+01 | 3.890092528096428470e+00
8.900000000000000000e+01 | 6.425202243490735654e+00
9.000000000000000000e+01 | 4.459263359319388442e+00
9.100000000000000000e+01 | 5.049128786277933933e+00
9.200000000000000000e+01 | 3.229830647641408259e+00
9.300000000000000000e+01 | 4.321386097701068962e+00
9.400000000000000000e+01 | 6.710402330391257664e+00
9.500000000000000000e+01 | 6.515126245057155430e+00
9.600000000000000000e+01 | 7.508423066527722511e+00
9.700000000000000000e+01 | 6.699053602599830626e+00
9.800000000000000000e+01 | 3.495732562740334615e+00
9.900000000000000000e+01 | 7.603189789940580923e+00
1.000000000000000000e+02 | 7.425023753530062720e+00
1.010000000000000000e+02 | 3.828838781262940749e+00
1.020000000000000000e+02 | 3.393782601084797790e+00
1.030000000000000000e+02 | 7.351071536487028268e+00
1.040000000000000000e+02 | 4.126050754487454952e+00
1.050000000000000000e+02 | 3.963022606168955964e+00
1.060000000000000000e+02 | 5.742890498439065183e+00
1.070000000000000000e+02 | 6.914350914977001494e+00
1.080000000000000000e+02 | 3.712521237396803286e+00
1.090000000000000000e+02 | 7.267404917664141095e+00
1.100000000000000000e+02 | 6.019605320286270711e+00
1.110000000000000000e+02 | 4.404782051404048993e+00
1.120000000000000000e+02 | 7.472416917825383642e+00
1.130000000000000000e+02 | 6.806629402073603785e+00
1.140000000000000000e+02 | 5.683452652108285541e+00
1.150000000000000000e+02 | 6.710053620115290052e+00
1.160000000000000000e+02 | 6.919974462886733235e+00
1.170000000000000000e+02 | 6.058993242741347984e+00
1.180000000000000000e+02 | 5.773440645572416763e+00
1.190000000000000000e+02 | 6.898847578733573016e+00
1.200000000000000000e+02 | 6.668196111497595169e+00
1.210000000000000000e+02 | 5.176211547545925384e+00
1.220000000000000000e+02 | 5.248157293906958287e+00
1.230000000000000000e+02 | 5.670929659231301656e+00
1.240000000000000000e+02 | 7.461350105858855386e+00
1.250000000000000000e+02 | 3.784127952189400013e+00
1.260000000000000000e+02 | 6.437945716140436758e+00
1.270000000000000000e+02 | 6.266985487808412358e+00
1.280000000000000000e+02 | 5.281226714272770906e+00
1.290000000000000000e+02 | 6.980021874231889356e+00
1.300000000000000000e+02 | 5.711922805771061817e+00
1.310000000000000000e+02 | 7.514766050793475038e+00
1.320000000000000000e+02 | 6.639594452920224654e+00
1.330000000000000000e+02 | 3.665138060487364680e+00
1.340000000000000000e+02 | 3.945966384293959628e+00
1.350000000000000000e+02 | 5.427634762981764283e+00
1.360000000000000000e+02 | 6.716844209188645110e+00
1.370000000000000000e+02 | 7.604922734834905995e+00
1.380000000000000000e+02 | 6.248943044669917235e+00
1.390000000000000000e+02 | 5.954731666649191624e+00
1.400000000000000000e+02 | 7.896646417245292149e+00
1.410000000000000000e+02 | 6.532731643090325058e+00
1.420000000000000000e+02 | 5.924327772378068957e+00
1.430000000000000000e+02 | 4.431965452915667569e+00
1.440000000000000000e+02 | 6.880725570626785803e+00
1.450000000000000000e+02 | 6.598728281357346681e+00
1.460000000000000000e+02 | 7.676623686019001802e+00
1.470000000000000000e+02 | 7.962942023307734374e+00
1.480000000000000000e+02 | 3.945994643281960812e+00
1.490000000000000000e+02 | 4.662580831760291034e+00
1.500000000000000000e+02 | 7.542200318487697785e+00
1.510000000000000000e+02 | 5.409178542385555843e+00
1.520000000000000000e+02 | 6.082843610896371267e+00
1.530000000000000000e+02 | 7.185437516470496888e+00
1.540000000000000000e+02 | 4.669844713910731748e+00
1.550000000000000000e+02 | 7.888741553722921296e+00
1.560000000000000000e+02 | 6.375203781258545810e+00
1.570000000000000000e+02 | 4.338915714171649007e+00
1.580000000000000000e+02 | 7.930063148437044518e+00
1.590000000000000000e+02 | 5.388068324195698366e+00
1.600000000000000000e+02 | 5.628445769329490922e+00
1.610000000000000000e+02 | 5.424879927651476308e+00
1.620000000000000000e+02 | 5.142123600616335111e+00
1.630000000000000000e+02 | 5.414456827172445585e+00
1.640000000000000000e+02 | 5.509453519997909332e+00
1.650000000000000000e+02 | 7.453853560358018271e+00
1.660000000000000000e+02 | 6.867132724795688148e+00
1.670000000000000000e+02 | 8.434617553900821463e+00
1.680000000000000000e+02 | 7.176381209489369084e+00
1.690000000000000000e+02 | 5.995732554340849951e+00
1.700000000000000000e+02 | 6.901552715003353988e+00
1.710000000000000000e+02 | 4.328851386349708008e+00
1.720000000000000000e+02 | 7.688731305853265141e+00
1.730000000000000000e+02 | 7.744374409568249185e+00
1.740000000000000000e+02 | 5.260726854151592136e+00
1.750000000000000000e+02 | 6.302748301630924033e+00
1.760000000000000000e+02 | 4.786333013674438419e+00
1.770000000000000000e+02 | 6.710966427700162384e+00
1.780000000000000000e+02 | 6.674673591859741073e+00
1.790000000000000000e+02 | 5.674458366972597645e+00
1.800000000000000000e+02 | 5.383030171935704544e+00
1.810000000000000000e+02 | 4.414436045944638565e+00
1.820000000000000000e+02 | 8.222356261944169020e+00
1.830000000000000000e+02 | 5.079187282178610374e+00
1.840000000000000000e+02 | 7.337478190819529900e+00
1.850000000000000000e+02 | 5.065702501829301596e+00
1.860000000000000000e+02 | 4.520966740849351240e+00
1.870000000000000000e+02 | 7.398942004855239674e+00
1.880000000000000000e+02 | 7.047447619991213941e+00
1.890000000000000000e+02 | 7.380893266553755439e+00
1.900000000000000000e+02 | 8.554995264770433039e+00
1.910000000000000000e+02 | 6.441406375004530283e+00
1.920000000000000000e+02 | 6.544862694609019371e+00
1.930000000000000000e+02 | 4.931515034132024411e+00
1.940000000000000000e+02 | 7.263322283606675533e+00
1.950000000000000000e+02 | 5.649429470850316548e+00
1.960000000000000000e+02 | 5.144118114167413935e+00
1.970000000000000000e+02 | 7.483490966552151846e+00
1.980000000000000000e+02 | 6.492887445436796412e+00
1.990000000000000000e+02 | 5.455173723277786380e+00
2.000000000000000000e+02 | 5.162879257001337763e+00
2.010000000000000000e+02 | 7.807200599488423265e+00
2.020000000000000000e+02 | 4.865263145425553049e+00
2.030000000000000000e+02 | 7.594713700795237443e+00
2.040000000000000000e+02 | 8.289478161187002314e+00
2.050000000000000000e+02 | 4.817866641419902507e+00
2.060000000000000000e+02 | 8.043567815401853949e+00
2.070000000000000000e+02 | 8.992514639275778876e+00
2.080000000000000000e+02 | 7.514039551643710624e+00
2.090000000000000000e+02 | 5.769964847531051433e+00
2.100000000000000000e+02 | 6.133615801595425410e+00
2.110000000000000000e+02 | 7.837409578305759794e+00
2.120000000000000000e+02 | 6.660629453608658324e+00
2.130000000000000000e+02 | 8.269375543539389639e+00
2.140000000000000000e+02 | 5.811426418397239502e+00
2.150000000000000000e+02 | 5.285449873254426834e+00
2.160000000000000000e+02 | 5.176953509783421836e+00
2.170000000000000000e+02 | 6.413616574622954758e+00
2.180000000000000000e+02 | 4.993337684630149376e+00
2.190000000000000000e+02 | 6.647473797311361565e+00
2.200000000000000000e+02 | 9.337104578115324571e+00
2.210000000000000000e+02 | 6.224206298365755785e+00
2.220000000000000000e+02 | 5.805587113099923258e+00
2.230000000000000000e+02 | 8.468804198870788724e+00
2.240000000000000000e+02 | 4.920042364593232520e+00
2.250000000000000000e+02 | 6.536935123566390615e+00
2.260000000000000000e+02 | 8.878678249173836079e+00
2.270000000000000000e+02 | 5.920648748569163899e+00
2.280000000000000000e+02 | 8.565476922863304310e+00
2.290000000000000000e+02 | 9.010853704488564375e+00
2.300000000000000000e+02 | 8.452030351431144339e+00
2.310000000000000000e+02 | 6.504915588659762271e+00
2.320000000000000000e+02 | 9.428901218410667084e+00
2.330000000000000000e+02 | 5.722806716356544143e+00
2.340000000000000000e+02 | 8.532049687642443203e+00
2.350000000000000000e+02 | 6.447397599913251121e+00
2.360000000000000000e+02 | 9.049527599963615998e+00
2.370000000000000000e+02 | 8.378487103537509029e+00
2.380000000000000000e+02 | 5.735316650033885466e+00
2.390000000000000000e+02 | 8.081458407857864401e+00
2.400000000000000000e+02 | 9.792910880752835112e+00
2.410000000000000000e+02 | 5.992480997819500388e+00
2.420000000000000000e+02 | 9.092559141363601327e+00
2.430000000000000000e+02 | 9.987579928454845657e+00
2.440000000000000000e+02 | 6.771368698064735625e+00
2.450000000000000000e+02 | 9.452698016253977542e+00
2.460000000000000000e+02 | 8.947926505172809186e+00
2.470000000000000000e+02 | 7.621672830304395241e+00
2.480000000000000000e+02 | 9.825312004464757720e+00
2.490000000000000000e+02 | 7.983076228201749558e+00
2.500000000000000000e+02 | 9.102120116983103415e+00
2.510000000000000000e+02 | 9.807009527824105177e+00
2.520000000000000000e+02 | 6.306318470803173426e+00
2.530000000000000000e+02 | 6.018195074821035995e+00
2.540000000000000000e+02 | 5.848233702805567091e+00
2.550000000000000000e+02 | 6.019163964469347761e+00
2.560000000000000000e+02 | 8.194563066295451392e+00
2.570000000000000000e+02 | 1.047070805110056568e+01
2.580000000000000000e+02 | 7.309131683246895328e+00
2.590000000000000000e+02 | 6.852506411180714352e+00
2.600000000000000000e+02 | 8.158049015099535950e+00
2.610000000000000000e+02 | 8.900400253872025047e+00
2.620000000000000000e+02 | 8.399713414623869667e+00
2.630000000000000000e+02 | 1.048730866045358567e+01
2.640000000000000000e+02 | 8.905691882398144799e+00
2.650000000000000000e+02 | 1.043297693745521215e+01
2.660000000000000000e+02 | 8.031488971656461473e+00
2.670000000000000000e+02 | 8.000540810581149742e+00
2.680000000000000000e+02 | 6.358171662114999734e+00
2.690000000000000000e+02 | 7.660024555670292834e+00
2.700000000000000000e+02 | 9.761653857031527437e+00
2.710000000000000000e+02 | 7.495872163832798307e+00
2.720000000000000000e+02 | 7.329956371733182152e+00
2.730000000000000000e+02 | 9.199508756741384019e+00
2.740000000000000000e+02 | 6.788937791466042704e+00
2.750000000000000000e+02 | 1.076734724551094935e+01
2.760000000000000000e+02 | 6.798671487309199790e+00
2.770000000000000000e+02 | 8.375969622051314900e+00
2.780000000000000000e+02 | 7.543147024094530195e+00
2.790000000000000000e+02 | 1.066428391940117493e+01
2.800000000000000000e+02 | 1.104116358266597331e+01
2.810000000000000000e+02 | 8.491515021150682685e+00
2.820000000000000000e+02 | 9.469883949145241786e+00
2.830000000000000000e+02 | 1.053928921779706585e+01
2.840000000000000000e+02 | 7.733443729160350166e+00
2.850000000000000000e+02 | 1.060672966272989903e+01
2.860000000000000000e+02 | 1.064617298053955707e+01
2.870000000000000000e+02 | 1.137998678142906428e+01
2.880000000000000000e+02 | 9.370798451461441303e+00
2.890000000000000000e+02 | 1.107532880206230530e+01
2.900000000000000000e+02 | 8.021663565472852753e+00
2.910000000000000000e+02 | 8.967760686504064438e+00
2.920000000000000000e+02 | 9.037829637512672321e+00
2.930000000000000000e+02 | 1.062548641700094976e+01
2.940000000000000000e+02 | 1.062563686844345412e+01
2.950000000000000000e+02 | 7.598627828481847146e+00
2.960000000000000000e+02 | 8.714682192413683026e+00
2.970000000000000000e+02 | 1.172838411676830717e+01
2.980000000000000000e+02 | 1.139493910787715691e+01
2.990000000000000000e+02 | 1.203781199452616590e+01
3.000000000000000000e+02 | 8.994271349281239836e+00
3.010000000000000000e+02 | 1.196339585605472777e+01
3.020000000000000000e+02 | 1.058444872749528720e+01
3.030000000000000000e+02 | 9.449857744491263034e+00
3.040000000000000000e+02 | 1.112259896897356981e+01
3.050000000000000000e+02 | 1.031020831863598985e+01
3.060000000000000000e+02 | 8.833031286781640290e+00
3.070000000000000000e+02 | 9.391526020930117014e+00
3.080000000000000000e+02 | 8.385830262772108412e+00
3.090000000000000000e+02 | 8.466391625134583876e+00
3.100000000000000000e+02 | 1.028121769575444766e+01
3.110000000000000000e+02 | 9.648419865855707656e+00
3.120000000000000000e+02 | 9.427654698374418274e+00
3.130000000000000000e+02 | 9.440269172227377936e+00
3.140000000000000000e+02 | 1.170239274942085395e+01
3.150000000000000000e+02 | 9.447548939375987942e+00
3.160000000000000000e+02 | 1.025304192157469174e+01
3.170000000000000000e+02 | 1.109735959763437307e+01
3.180000000000000000e+02 | 1.029114250528207997e+01
3.190000000000000000e+02 | 1.307458650074883977e+01
3.200000000000000000e+02 | 1.124859891325139749e+01
3.210000000000000000e+02 | 1.122654867642867771e+01
3.220000000000000000e+02 | 1.167469501585885361e+01
3.230000000000000000e+02 | 9.603611700336960766e+00
3.240000000000000000e+02 | 1.278617465659229957e+01
3.250000000000000000e+02 | 1.219011735090263571e+01
3.260000000000000000e+02 | 1.159063173644091194e+01
3.270000000000000000e+02 | 1.046258771373693541e+01
3.280000000000000000e+02 | 1.100444307792303889e+01
3.290000000000000000e+02 | 1.337523487161117863e+01
3.300000000000000000e+02 | 1.081427069648528239e+01
3.310000000000000000e+02 | 1.185457392759065698e+01
3.320000000000000000e+02 | 1.438314998123533073e+01
3.330000000000000000e+02 | 1.012684827328192583e+01
3.340000000000000000e+02 | 1.258125078151096687e+01
3.350000000000000000e+02 | 1.004546903384762224e+01
3.360000000000000000e+02 | 1.144321669340925673e+01
3.370000000000000000e+02 | 1.187744461399504026e+01
3.380000000000000000e+02 | 1.300910193158977712e+01
3.390000000000000000e+02 | 1.145858429343237717e+01
3.400000000000000000e+02 | 1.103736866549397533e+01
3.410000000000000000e+02 | 1.297076568610383518e+01
3.420000000000000000e+02 | 1.204148842732948665e+01
3.430000000000000000e+02 | 1.118419839906649393e+01
3.440000000000000000e+02 | 1.413998714001164636e+01
3.450000000000000000e+02 | 1.100469918555896420e+01
3.460000000000000000e+02 | 1.287160718145263871e+01
3.470000000000000000e+02 | 1.362003790681333726e+01
3.480000000000000000e+02 | 1.231566922132052433e+01
3.490000000000000000e+02 | 1.424256802393453292e+01
3.500000000000000000e+02 | 1.463019701136084194e+01
3.510000000000000000e+02 | 1.417903151825409225e+01
3.520000000000000000e+02 | 1.288018047779067210e+01
3.530000000000000000e+02 | 1.263850455671999207e+01
3.540000000000000000e+02 | 1.610874399684309566e+01
3.550000000000000000e+02 | 1.474564338401761532e+01
3.560000000000000000e+02 | 1.252515113573930527e+01
3.570000000000000000e+02 | 1.410037173379633657e+01
3.580000000000000000e+02 | 1.227649803668853323e+01
3.590000000000000000e+02 | 1.257725603972442840e+01
3.600000000000000000e+02 | 1.551077608060659685e+01
3.610000000000000000e+02 | 1.633262427787053284e+01
3.620000000000000000e+02 | 1.244563745577775471e+01
3.630000000000000000e+02 | 1.337028703813905572e+01
3.640000000000000000e+02 | 1.686257448546396631e+01
3.650000000000000000e+02 | 1.333635388288753987e+01
3.660000000000000000e+02 | 1.681556589646189082e+01
3.670000000000000000e+02 | 1.680882559760445716e+01
3.680000000000000000e+02 | 1.445809069908294830e+01
3.690000000000000000e+02 | 1.533543537202256246e+01
3.700000000000000000e+02 | 1.352571705745596020e+01
3.710000000000000000e+02 | 1.629039688315729606e+01
3.720000000000000000e+02 | 1.761105099227387072e+01
3.730000000000000000e+02 | 1.712932035610379700e+01
3.740000000000000000e+02 | 1.513113976425923646e+01
3.750000000000000000e+02 | 1.453094396444642200e+01
3.760000000000000000e+02 | 1.757236377353510193e+01
3.770000000000000000e+02 | 1.662715844966315615e+01
3.780000000000000000e+02 | 1.748546797488096516e+01
3.790000000000000000e+02 | 1.647851939783773645e+01
3.800000000000000000e+02 | 1.801078950595054806e+01
3.810000000000000000e+02 | 1.802336755653013256e+01
3.820000000000000000e+02 | 1.805210724981403558e+01
3.830000000000000000e+02 | 1.677313412068496490e+01
3.840000000000000000e+02 | 1.509652067453881763e+01
3.850000000000000000e+02 | 1.816507896261654409e+01
3.860000000000000000e+02 | 1.506679975030659691e+01
3.870000000000000000e+02 | 1.742915499127968459e+01
3.880000000000000000e+02 | 1.654313907040794618e+01
3.890000000000000000e+02 | 1.668167755058546931e+01
3.900000000000000000e+02 | 1.606063075661333528e+01
3.910000000000000000e+02 | 1.521655891612077305e+01
3.920000000000000000e+02 | 1.696520245179297959e+01
3.930000000000000000e+02 | 1.774139107364600676e+01
3.940000000000000000e+02 | 1.748883981963755829e+01
3.950000000000000000e+02 | 1.849038549368973250e+01
3.960000000000000000e+02 | 1.995057940138094210e+01
3.970000000000000000e+02 | 1.963742322856904465e+01
3.980000000000000000e+02 | 1.884649223482330171e+01
3.990000000000000000e+02 | 1.653655346916779223e+01
4.000000000000000000e+02 | 1.908883757402687209e+01
4.010000000000000000e+02 | 1.986055246030285204e+01
4.020000000000000000e+02 | 1.648023580214950101e+01
4.030000000000000000e+02 | 2.066354717896430060e+01
4.040000000000000000e+02 | 1.868397842946422216e+01
4.050000000000000000e+02 | 1.967975015398852534e+01
4.060000000000000000e+02 | 1.936709234097581955e+01
4.070000000000000000e+02 | 1.734885866244502139e+01
4.080000000000000000e+02 | 2.026332082591027373e+01
4.090000000000000000e+02 | 1.808972027089239276e+01
4.100000000000000000e+02 | 2.086933410743162653e+01
4.110000000000000000e+02 | 1.969945379213449854e+01
4.120000000000000000e+02 | 1.894019416928870214e+01
4.130000000000000000e+02 | 1.879989451358541430e+01
4.140000000000000000e+02 | 1.895996619143127404e+01
4.150000000000000000e+02 | 1.939795348527732344e+01
4.160000000000000000e+02 | 2.032554853634679404e+01
4.170000000000000000e+02 | 1.931112993742848971e+01
4.180000000000000000e+02 | 2.122599801965573008e+01
4.190000000000000000e+02 | 2.101443974004548920e+01
4.200000000000000000e+02 | 2.193212365857791113e+01
4.210000000000000000e+02 | 2.243744933451959866e+01
4.220000000000000000e+02 | 1.920147818040660326e+01
4.230000000000000000e+02 | 2.236746924552151938e+01
4.240000000000000000e+02 | 1.942718084537373713e+01
4.250000000000000000e+02 | 1.947007234068314929e+01
4.260000000000000000e+02 | 2.108721314882325260e+01
4.270000000000000000e+02 | 2.349701372671452049e+01
4.280000000000000000e+02 | 2.217248804122337802e+01
4.290000000000000000e+02 | 2.169028994393039866e+01
4.300000000000000000e+02 | 2.354692980650446898e+01
4.310000000000000000e+02 | 2.054077617104256959e+01
4.320000000000000000e+02 | 2.035368120073080433e+01
4.330000000000000000e+02 | 2.292956605818536531e+01
4.340000000000000000e+02 | 2.271018877157146321e+01
4.350000000000000000e+02 | 2.224386051202784742e+01
4.360000000000000000e+02 | 2.423998272955189393e+01
4.370000000000000000e+02 | 2.171131304003113272e+01
4.380000000000000000e+02 | 2.550518487854134975e+01
4.390000000000000000e+02 | 2.368878479155057093e+01
4.400000000000000000e+02 | 2.321921257832228846e+01
4.410000000000000000e+02 | 2.472479885539243583e+01
4.420000000000000000e+02 | 2.381221145067203437e+01
4.430000000000000000e+02 | 2.428432957171990481e+01
4.440000000000000000e+02 | 2.274757060553031351e+01
4.450000000000000000e+02 | 2.506935723167378427e+01
4.460000000000000000e+02 | 2.281887319687097815e+01
4.470000000000000000e+02 | 2.473888254644919726e+01
4.480000000000000000e+02 | 2.401340574981368903e+01
4.490000000000000000e+02 | 2.376671745161309701e+01
4.500000000000000000e+02 | 2.380626534040253262e+01
4.510000000000000000e+02 | 2.738064569536059878e+01
4.520000000000000000e+02 | 2.422424171459913822e+01
4.530000000000000000e+02 | 2.478847975236166690e+01
4.540000000000000000e+02 | 2.436513779007539426e+01
4.550000000000000000e+02 | 2.711836616301938463e+01
4.560000000000000000e+02 | 2.689386754552154812e+01
4.570000000000000000e+02 | 2.647056418470311101e+01
4.580000000000000000e+02 | 2.454636219801586705e+01
4.590000000000000000e+02 | 2.457358064937091058e+01
4.600000000000000000e+02 | 2.550467703162031796e+01
4.610000000000000000e+02 | 2.863169570442310530e+01
4.620000000000000000e+02 | 2.883872097022462100e+01
4.630000000000000000e+02 | 2.871681702096284994e+01
4.640000000000000000e+02 | 2.810356188340883321e+01
4.650000000000000000e+02 | 2.803097446413353566e+01
4.660000000000000000e+02 | 2.645131739776502044e+01
4.670000000000000000e+02 | 2.772734319634457734e+01
4.680000000000000000e+02 | 2.947377866467770602e+01
4.690000000000000000e+02 | 2.757532124219594394e+01
4.700000000000000000e+02 | 2.811266172879853897e+01
4.710000000000000000e+02 | 2.683004339517218995e+01
4.720000000000000000e+02 | 2.856792859211934399e+01
4.730000000000000000e+02 | 2.871730490131249525e+01
4.740000000000000000e+02 | 2.913687827495271421e+01
4.750000000000000000e+02 | 2.730795218442780836e+01
4.760000000000000000e+02 | 3.081545538276927232e+01
4.770000000000000000e+02 | 2.983289274722691076e+01
4.780000000000000000e+02 | 3.087613754212738471e+01
4.790000000000000000e+02 | 3.083545308655476447e+01
4.800000000000000000e+02 | 3.206982604360604228e+01
4.810000000000000000e+02 | 2.972428849726101419e+01
4.820000000000000000e+02 | 2.907010446165563877e+01
4.830000000000000000e+02 | 3.053012387568142572e+01
4.840000000000000000e+02 | 2.862071928659778308e+01
4.850000000000000000e+02 | 3.069257786189422177e+01
4.860000000000000000e+02 | 3.102502522468543944e+01
4.870000000000000000e+02 | 3.346745314623554179e+01
4.880000000000000000e+02 | 3.150553619424513130e+01
4.890000000000000000e+02 | 3.139461905879961634e+01
4.900000000000000000e+02 | 3.372949376526109688e+01
4.910000000000000000e+02 | 3.044162278907958807e+01
4.920000000000000000e+02 | 3.385831482966526096e+01
4.930000000000000000e+02 | 3.206816395806306019e+01
4.940000000000000000e+02 | 3.035958292667995551e+01
4.950000000000000000e+02 | 3.477731633442589754e+01
4.960000000000000000e+02 | 3.060487565220158501e+01
4.970000000000000000e+02 | 3.357547092780453823e+01
4.980000000000000000e+02 | 3.452412875624894184e+01
4.990000000000000000e+02 | 3.357154054503175900e+01
5.000000000000000000e+02 | 3.339525934535614482e+01
5.010000000000000000e+02 | 3.359863243770558938e+01
5.020000000000000000e+02 | 3.357819236101871496e+01
5.030000000000000000e+02 | 3.373362050306025139e+01
5.040000000000000000e+02 | 3.273141516984410515e+01
5.050000000000000000e+02 | 3.475050381780390296e+01
5.060000000000000000e+02 | 3.389083633957699959e+01
5.070000000000000000e+02 | 3.462801217451600166e+01
5.080000000000000000e+02 | 3.298593909521197531e+01
5.090000000000000000e+02 | 3.645244758361872783e+01
5.100000000000000000e+02 | 3.429682783416205893e+01
5.110000000000000000e+02 | 3.595119837980013244e+01
5.120000000000000000e+02 | 3.471305146955890564e+01
5.130000000000000000e+02 | 3.411533211569079782e+01
5.140000000000000000e+02 | 3.453247547179741872e+01
5.150000000000000000e+02 | 3.560343198508773810e+01
5.160000000000000000e+02 | 3.500582407162469423e+01
5.170000000000000000e+02 | 3.628712155056715005e+01
5.180000000000000000e+02 | 3.695454667026793771e+01
5.190000000000000000e+02 | 3.737473025176413444e+01
5.200000000000000000e+02 | 3.549402903186228286e+01
5.210000000000000000e+02 | 3.528265698463755484e+01
5.220000000000000000e+02 | 3.907796569362927386e+01
5.230000000000000000e+02 | 3.899194907411587252e+01
5.240000000000000000e+02 | 3.742714670724880222e+01
5.250000000000000000e+02 | 3.626980699795891638e+01
5.260000000000000000e+02 | 3.897628942412669062e+01
5.270000000000000000e+02 | 3.798959692437637869e+01
5.280000000000000000e+02 | 3.910598684658449997e+01
5.290000000000000000e+02 | 3.627858386507450916e+01
5.300000000000000000e+02 | 3.801312827775348779e+01
5.310000000000000000e+02 | 3.695984123771819441e+01
5.320000000000000000e+02 | 3.871178380748505532e+01
5.330000000000000000e+02 | 4.075768315120956942e+01
5.340000000000000000e+02 | 3.890513792539669424e+01
5.350000000000000000e+02 | 3.848043737012529419e+01
5.360000000000000000e+02 | 4.015190818843713316e+01
5.370000000000000000e+02 | 3.804074446959199918e+01
5.380000000000000000e+02 | 3.940545931586218131e+01
5.390000000000000000e+02 | 3.936945931155596412e+01
5.400000000000000000e+02 | 4.181336234748513192e+01
5.410000000000000000e+02 | 3.892582436326765816e+01
5.420000000000000000e+02 | 4.166696611206015888e+01
5.430000000000000000e+02 | 4.186749080526540467e+01
5.440000000000000000e+02 | 4.006750885649139349e+01
5.450000000000000000e+02 | 3.893556871904632288e+01
5.460000000000000000e+02 | 3.920989682383533648e+01
5.470000000000000000e+02 | 4.126093127847630626e+01
5.480000000000000000e+02 | 4.345593513002271635e+01
5.490000000000000000e+02 | 4.135670205794893661e+01
5.500000000000000000e+02 | 4.095463307755914428e+01
5.510000000000000000e+02 | 4.243041932736428379e+01
5.520000000000000000e+02 | 4.398784389895286040e+01
5.530000000000000000e+02 | 4.150014800935658599e+01
5.540000000000000000e+02 | 4.095718370439145417e+01
5.550000000000000000e+02 | 4.299114278069893658e+01
5.560000000000000000e+02 | 4.076891376884717033e+01
5.570000000000000000e+02 | 4.249093547581426833e+01
5.580000000000000000e+02 | 4.303018512537184392e+01
5.590000000000000000e+02 | 4.222609283489487808e+01
5.600000000000000000e+02 | 4.533354326718105654e+01
5.610000000000000000e+02 | 4.241068458901204963e+01
5.620000000000000000e+02 | 4.479220465215144031e+01
5.630000000000000000e+02 | 4.429369042755848795e+01
5.640000000000000000e+02 | 4.490413933458566476e+01
5.650000000000000000e+02 | 4.524520641388759401e+01
5.660000000000000000e+02 | 4.629730840527994218e+01
5.670000000000000000e+02 | 4.436869695385563261e+01
5.680000000000000000e+02 | 4.548364375780692370e+01
5.690000000000000000e+02 | 4.335378048603933365e+01
5.700000000000000000e+02 | 4.735605908184457746e+01
5.710000000000000000e+02 | 4.524262902596350955e+01
5.720000000000000000e+02 | 4.761736618801370469e+01
5.730000000000000000e+02 | 4.532010507097459140e+01
5.740000000000000000e+02 | 4.771826246198734367e+01
5.750000000000000000e+02 | 4.507420167078020512e+01
5.760000000000000000e+02 | 4.728254126869225615e+01
5.770000000000000000e+02 | 4.673346590663783218e+01
5.780000000000000000e+02 | 4.807519864583415625e+01
5.790000000000000000e+02 | 4.520282063040874476e+01
5.800000000000000000e+02 | 4.673151216124153251e+01
5.810000000000000000e+02 | 4.830173350007300570e+01
5.820000000000000000e+02 | 4.897638712079173473e+01
5.830000000000000000e+02 | 4.558306034316128574e+01
5.840000000000000000e+02 | 4.770227100918290120e+01
5.850000000000000000e+02 | 4.548882348457173919e+01
5.860000000000000000e+02 | 4.728793311897047147e+01
5.870000000000000000e+02 | 4.592504187679145389e+01
5.880000000000000000e+02 | 4.820241202181629347e+01
5.890000000000000000e+02 | 4.675940719938002132e+01
5.900000000000000000e+02 | 5.002443877762355839e+01
5.910000000000000000e+02 | 4.846411981064527907e+01
5.920000000000000000e+02 | 4.808054226058604996e+01
5.930000000000000000e+02 | 5.097058015484508076e+01
5.940000000000000000e+02 | 4.913586908343699378e+01
5.950000000000000000e+02 | 4.813310884958765001e+01
5.960000000000000000e+02 | 4.816000491922341098e+01
5.970000000000000000e+02 | 5.150604773455459195e+01
5.980000000000000000e+02 | 4.844417820585675827e+01
5.990000000000000000e+02 | 5.043608416930510430e+01
6.000000000000000000e+02 | 4.773746039855425494e+01
6.010000000000000000e+02 | 5.053188597303120133e+01
6.020000000000000000e+02 | 4.828436726422666680e+01
6.030000000000000000e+02 | 5.180340890489867434e+01
6.040000000000000000e+02 | 5.129257248944720970e+01
6.050000000000000000e+02 | 4.948225171742998185e+01
6.060000000000000000e+02 | 5.005794525595319300e+01
6.070000000000000000e+02 | 5.206513881288959311e+01
6.080000000000000000e+02 | 5.117939334268890406e+01
6.090000000000000000e+02 | 4.940319450135620372e+01
6.100000000000000000e+02 | 4.975566805669789971e+01
6.110000000000000000e+02 | 5.136461499030799160e+01
6.120000000000000000e+02 | 4.946060361144322570e+01
6.130000000000000000e+02 | 5.158966587259308056e+01
6.140000000000000000e+02 | 5.116200935458048349e+01
6.150000000000000000e+02 | 5.317533271370506753e+01
6.160000000000000000e+02 | 5.075644123932889329e+01
6.170000000000000000e+02 | 5.348465215998139399e+01
6.180000000000000000e+02 | 5.087584437223716094e+01
6.190000000000000000e+02 | 5.220862695546536258e+01
6.200000000000000000e+02 | 5.115454642132189633e+01
6.210000000000000000e+02 | 5.156243843230283375e+01
6.220000000000000000e+02 | 5.312554570157824685e+01
6.230000000000000000e+02 | 5.229533166207038875e+01
6.240000000000000000e+02 | 5.171082529197836664e+01
6.250000000000000000e+02 | 5.215021552514343028e+01
6.260000000000000000e+02 | 5.225637255188686936e+01
6.270000000000000000e+02 | 5.132610799865223328e+01
6.280000000000000000e+02 | 5.189149396136065917e+01
6.290000000000000000e+02 | 5.182310135344953039e+01
6.300000000000000000e+02 | 5.254633055501426497e+01
6.310000000000000000e+02 | 5.239634633945512121e+01
6.320000000000000000e+02 | 5.295453250069885343e+01
6.330000000000000000e+02 | 5.453366918478785408e+01
6.340000000000000000e+02 | 5.512254090127186856e+01
6.350000000000000000e+02 | 5.410189754699538156e+01
6.360000000000000000e+02 | 5.487049743298442195e+01
6.370000000000000000e+02 | 5.396737699584733150e+01
6.380000000000000000e+02 | 5.593558310864730743e+01
6.390000000000000000e+02 | 5.558912074526021740e+01
6.400000000000000000e+02 | 5.520135441306724999e+01
6.410000000000000000e+02 | 5.691315098873373302e+01
6.420000000000000000e+02 | 5.344015338704398488e+01
6.430000000000000000e+02 | 5.695453112049133182e+01
6.440000000000000000e+02 | 5.643734179421747399e+01
6.450000000000000000e+02 | 5.499582844108446977e+01
6.460000000000000000e+02 | 5.716251950325244024e+01
6.470000000000000000e+02 | 5.427863914089724773e+01
6.480000000000000000e+02 | 5.673457158007604306e+01
6.490000000000000000e+02 | 5.390798015295278844e+01
6.500000000000000000e+02 | 5.822188204746118600e+01
6.510000000000000000e+02 | 5.781281206386557869e+01
6.520000000000000000e+02 | 5.681745605221934881e+01
6.530000000000000000e+02 | 5.509089146947319904e+01
6.540000000000000000e+02 | 5.633011851502150336e+01
6.550000000000000000e+02 | 5.748452185394793190e+01
6.560000000000000000e+02 | 5.884815395422289441e+01
6.570000000000000000e+02 | 5.716495990591602805e+01
6.580000000000000000e+02 | 5.504182205091554891e+01
6.590000000000000000e+02 | 5.625222106121984211e+01
6.600000000000000000e+02 | 5.933165180725489307e+01
6.610000000000000000e+02 | 5.720715804887588263e+01
6.620000000000000000e+02 | 5.631171641397197902e+01
6.630000000000000000e+02 | 5.718178675394769783e+01
6.640000000000000000e+02 | 5.736249625399155150e+01
6.650000000000000000e+02 | 5.659941569351235557e+01
6.660000000000000000e+02 | 5.748918728144121815e+01
6.670000000000000000e+02 | 5.621767072675771715e+01
6.680000000000000000e+02 | 5.995802832759599710e+01
6.690000000000000000e+02 | 5.958464155355920866e+01
6.700000000000000000e+02 | 5.738428329277091677e+01
6.710000000000000000e+02 | 5.635606025607528835e+01
6.720000000000000000e+02 | 5.984808533067993608e+01
6.730000000000000000e+02 | 5.724870814978509515e+01
6.740000000000000000e+02 | 5.911946273477038005e+01
6.750000000000000000e+02 | 6.034338664987453171e+01
6.760000000000000000e+02 | 5.916917360076308086e+01
6.770000000000000000e+02 | 5.713722973737804978e+01
6.780000000000000000e+02 | 5.713630649096488412e+01
6.790000000000000000e+02 | 6.050639777410282960e+01
6.800000000000000000e+02 | 5.975454791150058043e+01
6.810000000000000000e+02 | 5.875722617452296959e+01
6.820000000000000000e+02 | 5.717231027525367892e+01
6.830000000000000000e+02 | 5.743147476490814540e+01
6.840000000000000000e+02 | 6.133147122331984491e+01
6.850000000000000000e+02 | 5.906562248350986977e+01
6.860000000000000000e+02 | 6.039486201538421284e+01
6.870000000000000000e+02 | 6.153588096434202015e+01
6.880000000000000000e+02 | 6.109236086673908517e+01
6.890000000000000000e+02 | 6.213904954912143808e+01
6.900000000000000000e+02 | 6.019441977020034784e+01
6.910000000000000000e+02 | 5.870386920529929142e+01
6.920000000000000000e+02 | 6.218866314562902886e+01
6.930000000000000000e+02 | 6.088851620426972744e+01
6.940000000000000000e+02 | 5.821838396255373738e+01
6.950000000000000000e+02 | 5.913145486087344693e+01
6.960000000000000000e+02 | 5.904189974698488896e+01
6.970000000000000000e+02 | 5.996767422844455808e+01
6.980000000000000000e+02 | 5.981320753833717419e+01
6.990000000000000000e+02 | 5.934213584466330360e+01
7.000000000000000000e+02 | 6.195150613203866641e+01
7.010000000000000000e+02 | 5.939405174815153998e+01
7.020000000000000000e+02 | 6.264029731750112262e+01
7.030000000000000000e+02 | 6.227049083549189845e+01
7.040000000000000000e+02 | 6.301760606590763558e+01
7.050000000000000000e+02 | 6.184267322445148096e+01
7.060000000000000000e+02 | 5.916264408514723527e+01
7.070000000000000000e+02 | 5.955884592386584586e+01
7.080000000000000000e+02 | 6.314512490365441977e+01
7.090000000000000000e+02 | 6.374811913459179635e+01
7.100000000000000000e+02 | 6.217447167398693608e+01
7.110000000000000000e+02 | 6.364459566574591776e+01
7.120000000000000000e+02 | 6.170098946849753929e+01
7.130000000000000000e+02 | 6.044958499546505237e+01
7.140000000000000000e+02 | 6.413192457251008705e+01
7.150000000000000000e+02 | 6.271570742301895507e+01
7.160000000000000000e+02 | 6.082259638846689853e+01
7.170000000000000000e+02 | 6.429044629252099696e+01
7.180000000000000000e+02 | 6.205599767946826972e+01
7.190000000000000000e+02 | 6.436207493790033141e+01
7.200000000000000000e+02 | 6.416622168008149174e+01
7.210000000000000000e+02 | 6.051267090566727092e+01
7.220000000000000000e+02 | 6.380977808454785816e+01
7.230000000000000000e+02 | 6.049328457651270696e+01
7.240000000000000000e+02 | 6.199793973419004089e+01
7.250000000000000000e+02 | 6.195638178549081942e+01
7.260000000000000000e+02 | 6.497069532130282710e+01
7.270000000000000000e+02 | 6.160596991461315497e+01
7.280000000000000000e+02 | 6.449152145944930226e+01
7.290000000000000000e+02 | 6.153728953274912783e+01
7.300000000000000000e+02 | 6.465891601352626594e+01
7.310000000000000000e+02 | 6.177460698139194761e+01
7.320000000000000000e+02 | 6.294177025737514697e+01
7.330000000000000000e+02 | 6.438947614677209685e+01
7.340000000000000000e+02 | 6.305570396963732094e+01
7.350000000000000000e+02 | 6.175942187590980836e+01
7.360000000000000000e+02 | 6.284729288882625298e+01
7.370000000000000000e+02 | 6.458467779202831593e+01
7.380000000000000000e+02 | 6.326564432359601398e+01
7.390000000000000000e+02 | 6.270095734020354428e+01
7.400000000000000000e+02 | 6.449391591635033194e+01
7.410000000000000000e+02 | 6.213886021833198470e+01
7.420000000000000000e+02 | 6.405630875273939751e+01
7.430000000000000000e+02 | 6.261729272879873065e+01
7.440000000000000000e+02 | 6.371265414738093824e+01
7.450000000000000000e+02 | 6.448729668411223770e+01
7.460000000000000000e+02 | 6.602917671796316768e+01
7.470000000000000000e+02 | 6.610894808077732421e+01
7.480000000000000000e+02 | 6.256483798066690127e+01
7.490000000000000000e+02 | 6.299904046786911493e+01
7.500000000000000000e+02 | 6.549750206439620115e+01
7.510000000000000000e+02 | 6.577731033758813339e+01
7.520000000000000000e+02 | 6.378484979448092673e+01
7.530000000000000000e+02 | 6.486458223445059446e+01
7.540000000000000000e+02 | 6.642900309775086498e+01
7.550000000000000000e+02 | 6.292252836139297045e+01
7.560000000000000000e+02 | 6.592321610198339954e+01
7.570000000000000000e+02 | 6.289825538216883416e+01
7.580000000000000000e+02 | 6.337228860534776942e+01
7.590000000000000000e+02 | 6.615485575691489828e+01
7.600000000000000000e+02 | 6.598432911463179096e+01
7.610000000000000000e+02 | 6.318541158682132419e+01
7.620000000000000000e+02 | 6.467285532325242059e+01
7.630000000000000000e+02 | 6.324595103189412981e+01
7.640000000000000000e+02 | 6.585740527383174481e+01
7.650000000000000000e+02 | 6.686812637659430436e+01
7.660000000000000000e+02 | 6.705934719769055619e+01
7.670000000000000000e+02 | 6.444546287990533529e+01
7.680000000000000000e+02 | 6.667493490832605119e+01
7.690000000000000000e+02 | 6.378937127561727038e+01
7.700000000000000000e+02 | 6.678688691375366204e+01
7.710000000000000000e+02 | 6.382811235423034901e+01
7.720000000000000000e+02 | 6.670241490083266456e+01
7.730000000000000000e+02 | 6.342914113529415943e+01
7.740000000000000000e+02 | 6.359703465378585463e+01
7.750000000000000000e+02 | 6.584151988182522075e+01
7.760000000000000000e+02 | 6.519562510224595542e+01
7.770000000000000000e+02 | 6.765835391713564206e+01
7.780000000000000000e+02 | 6.414224318318046869e+01
7.790000000000000000e+02 | 6.444636749116948238e+01
7.800000000000000000e+02 | 6.429826188218750360e+01
7.810000000000000000e+02 | 6.445165384194096703e+01
7.820000000000000000e+02 | 6.775005162009784954e+01
7.830000000000000000e+02 | 6.347764088208727884e+01
7.840000000000000000e+02 | 6.797434736787751319e+01
7.850000000000000000e+02 | 6.691604987909319391e+01
7.860000000000000000e+02 | 6.723755074248020946e+01
7.870000000000000000e+02 | 6.808957249329144190e+01
7.880000000000000000e+02 | 6.420039948559798404e+01
7.890000000000000000e+02 | 6.455870013219121972e+01
7.900000000000000000e+02 | 6.660002478638141099e+01
7.910000000000000000e+02 | 6.389687416305348933e+01
7.920000000000000000e+02 | 6.442913715266524832e+01
7.930000000000000000e+02 | 6.651375981007439009e+01
7.940000000000000000e+02 | 6.542581235670616024e+01
7.950000000000000000e+02 | 6.651321514842669558e+01
7.960000000000000000e+02 | 6.728646493511921278e+01
7.970000000000000000e+02 | 6.721609060270050406e+01
7.980000000000000000e+02 | 6.708056775275959183e+01
7.990000000000000000e+02 | 6.603598371648956800e+01
8.000000000000000000e+02 | 6.599476846778128447e+01
8.010000000000000000e+02 | 6.423174630065648216e+01
8.020000000000000000e+02 | 6.464923611412265814e+01
8.030000000000000000e+02 | 6.657098965725006678e+01
8.040000000000000000e+02 | 6.505841996366962121e+01
8.050000000000000000e+02 | 6.639893050182082845e+01
8.060000000000000000e+02 | 6.481087780939323295e+01
8.070000000000000000e+02 | 6.449947705695662137e+01
8.080000000000000000e+02 | 6.657735578764203410e+01
8.090000000000000000e+02 | 6.693489448258107188e+01
8.100000000000000000e+02 | 6.813162256327356658e+01
8.110000000000000000e+02 | 6.827980211721896353e+01
8.120000000000000000e+02 | 6.565253241683605268e+01
8.130000000000000000e+02 | 6.647863088677411270e+01
8.140000000000000000e+02 | 6.637559084621555883e+01
8.150000000000000000e+02 | 6.576951143086628804e+01
8.160000000000000000e+02 | 6.493311278915101070e+01
8.170000000000000000e+02 | 6.561680351721588522e+01
8.180000000000000000e+02 | 6.595032671527970081e+01
8.190000000000000000e+02 | 6.640318721128173252e+01
8.200000000000000000e+02 | 6.909092488285590150e+01
8.210000000000000000e+02 | 6.504372855972795264e+01
8.220000000000000000e+02 | 6.866746024591223829e+01
8.230000000000000000e+02 | 6.882360173132839520e+01
8.240000000000000000e+02 | 6.576342436928503332e+01
8.250000000000000000e+02 | 6.699935399757261223e+01
8.260000000000000000e+02 | 6.720936031102228014e+01
8.270000000000000000e+02 | 6.798053231327695300e+01
8.280000000000000000e+02 | 6.847388574334476630e+01
8.290000000000000000e+02 | 6.534931920825601992e+01
8.300000000000000000e+02 | 6.693818460682574312e+01
8.310000000000000000e+02 | 6.620560108450001735e+01
8.320000000000000000e+02 | 6.681357134006459830e+01
8.330000000000000000e+02 | 6.937289265545665273e+01
8.340000000000000000e+02 | 6.530823260636066152e+01
8.350000000000000000e+02 | 6.832203104260035786e+01
8.360000000000000000e+02 | 6.690647552795049080e+01
8.370000000000000000e+02 | 6.923650911010669518e+01
8.380000000000000000e+02 | 6.772045685183462638e+01
8.390000000000000000e+02 | 6.590990641046376197e+01
8.400000000000000000e+02 | 6.869108223183378925e+01
8.410000000000000000e+02 | 6.557604575522273649e+01
8.420000000000000000e+02 | 6.830362434584652931e+01
8.430000000000000000e+02 | 6.829654079375157494e+01
8.440000000000000000e+02 | 6.668526252874069371e+01
8.450000000000000000e+02 | 6.905450900215770105e+01
8.460000000000000000e+02 | 6.695587245304618307e+01
8.470000000000000000e+02 | 6.764499127041055715e+01
8.480000000000000000e+02 | 6.582174457788741506e+01
8.490000000000000000e+02 | 6.983211912255526954e+01
8.500000000000000000e+02 | 6.853317926150813832e+01
8.510000000000000000e+02 | 6.788492847801705921e+01
8.520000000000000000e+02 | 6.578399238503617141e+01
8.530000000000000000e+02 | 6.866261061752209116e+01
8.540000000000000000e+02 | 6.769226915990054749e+01
8.550000000000000000e+02 | 6.556144916016397417e+01
8.560000000000000000e+02 | 6.984299734963153128e+01
8.570000000000000000e+02 | 6.749724694809505365e+01
8.580000000000000000e+02 | 7.011780352986157538e+01
8.590000000000000000e+02 | 6.601757261582193337e+01
8.600000000000000000e+02 | 6.696607044677956821e+01
8.610000000000000000e+02 | 6.651324639716504805e+01
8.620000000000000000e+02 | 6.675487845231926087e+01
8.630000000000000000e+02 | 6.858325050622872254e+01
8.640000000000000000e+02 | 6.607416180356999291e+01
8.650000000000000000e+02 | 6.900985091416487194e+01
8.660000000000000000e+02 | 6.695482631404010476e+01
8.670000000000000000e+02 | 6.890001611497952183e+01
8.680000000000000000e+02 | 7.000750767989688939e+01
8.690000000000000000e+02 | 6.761524472456294177e+01
8.700000000000000000e+02 | 6.999135425296483959e+01
8.710000000000000000e+02 | 6.835799708420115905e+01
8.720000000000000000e+02 | 6.800476858268409330e+01
8.730000000000000000e+02 | 6.715105306122673312e+01
8.740000000000000000e+02 | 6.615225126190141225e+01
8.750000000000000000e+02 | 7.017669495319012185e+01
8.760000000000000000e+02 | 6.934511711140451951e+01
8.770000000000000000e+02 | 6.959868782723879121e+01
8.780000000000000000e+02 | 6.745651727077623150e+01
8.790000000000000000e+02 | 6.627070418362461623e+01
8.800000000000000000e+02 | 6.828304249014266247e+01
8.810000000000000000e+02 | 6.997673678058089308e+01
8.820000000000000000e+02 | 6.936140390162368874e+01
8.830000000000000000e+02 | 6.914310297320955101e+01
8.840000000000000000e+02 | 6.734406261649559156e+01
8.850000000000000000e+02 | 7.011943080186985355e+01
8.860000000000000000e+02 | 6.822370162590084419e+01
8.870000000000000000e+02 | 6.661149059312162990e+01
8.880000000000000000e+02 | 6.727982077541101091e+01
8.890000000000000000e+02 | 6.936637327859224911e+01
8.900000000000000000e+02 | 6.980921776193895312e+01
8.910000000000000000e+02 | 6.997121761341436752e+01
8.920000000000000000e+02 | 6.754974543822036992e+01
8.930000000000000000e+02 | 6.919635527473870695e+01
8.940000000000000000e+02 | 6.896886376753636227e+01
8.950000000000000000e+02 | 7.029954767982522412e+01
8.960000000000000000e+02 | 6.977597074589148463e+01
8.970000000000000000e+02 | 6.897557682327574469e+01
8.980000000000000000e+02 | 6.724746913717083885e+01
8.990000000000000000e+02 | 6.655511146075896534e+01
9.000000000000000000e+02 | 6.773911864354421652e+01
9.010000000000000000e+02 | 6.916424789637974868e+01
9.020000000000000000e+02 | 7.003311510041770305e+01
9.030000000000000000e+02 | 6.968362184608234600e+01
9.040000000000000000e+02 | 6.811421049083249102e+01
9.050000000000000000e+02 | 6.824917498169581620e+01
9.060000000000000000e+02 | 6.717648905968010808e+01
9.070000000000000000e+02 | 6.930218430691768106e+01
9.080000000000000000e+02 | 6.957053265311168389e+01
9.090000000000000000e+02 | 6.880824941839290432e+01
9.100000000000000000e+02 | 6.774348537425508709e+01
9.110000000000000000e+02 | 6.660509270402232573e+01
9.120000000000000000e+02 | 6.949397204715809551e+01
9.130000000000000000e+02 | 7.081269572310800697e+01
9.140000000000000000e+02 | 6.933553305080195628e+01
9.150000000000000000e+02 | 7.061930450968803541e+01
9.160000000000000000e+02 | 6.665320230109729494e+01
9.170000000000000000e+02 | 7.055141953486212003e+01
9.180000000000000000e+02 | 6.927381129976765806e+01
9.190000000000000000e+02 | 7.067779009965593673e+01
9.200000000000000000e+02 | 7.006411216729166824e+01
9.210000000000000000e+02 | 6.939391342913688732e+01
9.220000000000000000e+02 | 6.977915492750155124e+01
9.230000000000000000e+02 | 6.744581765302807241e+01
9.240000000000000000e+02 | 6.803044669715205828e+01
9.250000000000000000e+02 | 7.016115472361035188e+01
9.260000000000000000e+02 | 7.081151676050859578e+01
9.270000000000000000e+02 | 6.715619666054179504e+01
9.280000000000000000e+02 | 6.832425730584068901e+01
9.290000000000000000e+02 | 7.076826952734263898e+01
9.300000000000000000e+02 | 6.817685250392680985e+01
9.310000000000000000e+02 | 6.713579398162552536e+01
9.320000000000000000e+02 | 6.774887791145938820e+01
9.330000000000000000e+02 | 6.928631433469709577e+01
9.340000000000000000e+02 | 7.073732414624535636e+01
9.350000000000000000e+02 | 7.059897215519104918e+01
9.360000000000000000e+02 | 7.012614964926639516e+01
9.370000000000000000e+02 | 6.764414020491366841e+01
9.380000000000000000e+02 | 6.912910205489328064e+01
9.390000000000000000e+02 | 6.825925626700336579e+01
9.400000000000000000e+02 | 6.905675968698963629e+01
9.410000000000000000e+02 | 6.865755499446449051e+01
9.420000000000000000e+02 | 6.893325454644767092e+01
9.430000000000000000e+02 | 6.682726321857808216e+01
9.440000000000000000e+02 | 6.779497923264349879e+01
9.450000000000000000e+02 | 6.730359106513336087e+01
9.460000000000000000e+02 | 6.756920745931076056e+01
9.470000000000000000e+02 | 7.118140147858250089e+01
9.480000000000000000e+02 | 7.020124367169201207e+01
9.490000000000000000e+02 | 6.900997139687102333e+01
9.500000000000000000e+02 | 6.716703856617328938e+01
9.510000000000000000e+02 | 6.736313998022940552e+01
9.520000000000000000e+02 | 6.909063300364221050e+01
9.530000000000000000e+02 | 7.032808040191785892e+01
9.540000000000000000e+02 | 7.139233678617505063e+01
9.550000000000000000e+02 | 6.818009473845167179e+01
9.560000000000000000e+02 | 6.896464983324082709e+01
9.570000000000000000e+02 | 6.831235000140523539e+01
9.580000000000000000e+02 | 6.842741057394900395e+01
9.590000000000000000e+02 | 6.974208424263450468e+01
9.600000000000000000e+02 | 7.011773209558080566e+01
9.610000000000000000e+02 | 6.780072732129126223e+01
9.620000000000000000e+02 | 6.791106314285730150e+01
9.630000000000000000e+02 | 6.951993687760726459e+01
9.640000000000000000e+02 | 6.722972984720834688e+01
9.650000000000000000e+02 | 7.139485873878211919e+01
9.660000000000000000e+02 | 6.980238088649791450e+01
9.670000000000000000e+02 | 6.701288990316288618e+01
9.680000000000000000e+02 | 6.734791766307147043e+01
9.690000000000000000e+02 | 6.791274934504858152e+01
9.700000000000000000e+02 | 6.768743925110767634e+01
9.710000000000000000e+02 | 6.803628033644119455e+01
9.720000000000000000e+02 | 6.961758920097155112e+01
9.730000000000000000e+02 | 6.927807648010147545e+01
9.740000000000000000e+02 | 6.704831929769940757e+01
9.750000000000000000e+02 | 6.982172487710781184e+01
9.760000000000000000e+02 | 7.115368854273506827e+01
9.770000000000000000e+02 | 6.840633871310279801e+01
9.780000000000000000e+02 | 7.126193050242349614e+01
9.790000000000000000e+02 | 6.858141945835981801e+01
9.800000000000000000e+02 | 6.848170835380297206e+01
9.810000000000000000e+02 | 6.718565533574275150e+01
9.820000000000000000e+02 | 7.079164030570154864e+01
9.830000000000000000e+02 | 6.859534778694435886e+01
9.840000000000000000e+02 | 7.051642696017921708e+01
9.850000000000000000e+02 | 7.050423793206142875e+01
9.860000000000000000e+02 | 7.147141165538502605e+01
9.870000000000000000e+02 | 7.072462846365885980e+01
9.880000000000000000e+02 | 6.815197262976731452e+01
9.890000000000000000e+02 | 6.932297361119788093e+01
9.900000000000000000e+02 | 6.890896548634675867e+01
9.910000000000000000e+02 | 6.765481527593509270e+01
9.920000000000000000e+02 | 6.738984166510590512e+01
9.930000000000000000e+02 | 6.896179248468732226e+01
9.940000000000000000e+02 | 6.870039371429717789e+01
9.950000000000000000e+02 | 7.075439699843049368e+01
9.960000000000000000e+02 | 6.743924486259454909e+01
9.970000000000000000e+02 | 6.992707199302253684e+01
9.980000000000000000e+02 | 7.135942850436160256e+01
9.990000000000000000e+02 | 7.011741702698937218e+01
