# X values | Y values
0.000000000000000000e+00 | 5.949626650864026089e+00
1.000000000000000000e+00 | 3.067436137733923207e+00
2.000000000000000000e+00 | 4.412621600392908405e+00
3.000000000000000000e+00 | 2.422917520259675328e-01
4.000000000000000000e+00 | 7.852278594673913759e-01
5.000000000000000000e+00 | 2.012914418834345298e+00
6.000000000000000000e+00 | 2.319632256717006236e+00
7.000000000000000000e+00 | 9.106017436563567102e-01
8.000000000000000000e+00 | 3.363482615386140573e+00
9.000000000000000000e+00 | 3.750921648706274425e+00
1.000000000000000000e+01 | 3.196261276577807564e-01
1.100000000000000000e+01 | 3.911826386986783088e+00
1.200000000000000000e+01 | 4.546909189553332453e+00
1.300000000000000000e+01 | 1.190254679029788765e+00
1.400000000000000000e+01 | 5.126675321464613688e+00
1.500000000000000000e+01 | 3.416189221923791486e+00
1.600000000000000000e+01 | 1.876074060975525537e+00
1.700000000000000000e+01 | 6.525819709317017825e-01
1.800000000000000000e+01 | 4.700623052182275607e-01
1.900000000000000000e+01 | 5.652890285995692210e+00
2.000000000000000000e+01 | 5.217849402551138382e+00
2.100000000000000000e+01 | 4.079164176390286833e+00
2.200000000000000000e+01 | 6.706347636237404153e-01
2.300000000000000000e+01 | 1.366240069397655299e+00
2.400000000000000000e+01 | 4.980921397453533572e+00
2.500000000000000000e+01 | 2.868858535147593258e+00
2.600000000000000000e+01 | 3.643379984311279074e-01
2.700000000000000000e+01 | 4.982038626601288378e-01
2.800000000000000000e+01 | 2.652498321670723413e+00
2.900000000000000000e+01 | 5.145115080064496027e+00
3.000000000000000000e+01 | 9.225711715829545412e-01
3.100000000000000000e+01 | 1.244718588540694171e+00
3.200000000000000000e+01 | 3.903439845490523474e+00
3.300000000000000000e+01 | 5.186732472935633886e+00
3.400000000000000000e+01 | 2.349240739397862043e-01
3.500000000000000000e+01 | 4.847011988339064104e+00
3.600000000000000000e+01 | 5.173929197659759005e-01
3.700000000000000000e+01 | 3.584704931416318185e+00
3.800000000000000000e+01 | 1.227435241635904895e+00
3.900000000000000000e+01 | 4.694219723036805902e+00
4.000000000000000000e+01 | 4.017825035059920502e+00
4.100000000000000000e+01 | 2.625642748327136289e+00
4.200000000000000000e+01 | 8.275344705749994034e-01
4.300000000000000000e+01 | 4.761359070132546556e+00
4.400000000000000000e+01 | 2.053724672158700137e+00
4.500000000000000000e+01 | 2.603006014946419366e+00
4.600000000000000000e+01 | 6.378869494172780819e-01
4.700000000000000000e+01 | 8.352932775860306691e-01
4.800000000000000000e+01 | 1.334634000124585329e+00
4.900000000000000000e+01 | 1.786882151387626960e+00
5.000000000000000000e+01 | 4.540956435931780888e+00
5.100000000000000000e+01 | 3.376668317214080339e+00
5.200000000000000000e+01 | 5.208543925499046878e+00
5.300000000000000000e+01 | 2.635118420571214592e+00
5.400000000000000000e+01 | 5.281423546568685623e+00
5.500000000000000000e+01 | 2.572835849914286044e+00
5.600000000000000000e+01 | 4.787528771159820451e+00
5.700000000000000000e+01 | 5.353489127038564277e+00
5.800000000000000000e+01 | 2.699372306644808539e+00
5.900000000000000000e+01 | 4.214487022811777450e+00
6.000000000000000000e+01 | 1.393765221903781493e+00
6.100000000000000000e+01 | 4.648652886221222857e+00
6.200000000000000000e+01 | 1.164026751968449513e+00
6.300000000000000000e+01 | 3.742702048128268899e+00
6.400000000000000000e+01 | 3.341601613394376891e+00
6.500000000000000000e+01 | 1.617475749522570228e+00
6.600000000000000000e+01 | 2.512925666673394343e+00
6.700000000000000000e+01 | 2.248050329288897586e+00
6.800000000000000000e+01 | 3.177691329911812357e+00
6.900000000000000000e+01 | 4.264533517942618701e+00
7.000000000000000000e+01 | 5.458232114963399439e+00
7.100000000000000000e+01 | 1.113856980358300275e+00
7.200000000000000000e+01 | 1.639026482709585286e+00
7.300000000000000000e+01 | 4.565587477062932997e+00
7.400000000000000000e+01 | 4.157743647121993291e+00
7.500000000000000000e+01 | 3.032004139099866435e-01
7.600000000000000000e+01 | 4.584517896987121865e+00
7.700000000000000000e+01 | 1.712274158607627328e-01
7.800000000000000000e+01 | 2.977044980624578230e+00
7.900000000000000000e+01 | 2.345234735191742637e+00
8.000000000000000000e+01 | 2.079322913450728727e+00
8.100000000000000000e+01 | 4.635394508847083372e+00
8.200000000000000000e+01 | 3.333215909716354286e+00
8.300000000000000000e+01 | 2.676903079583231815e+00
8.400000000000000000e+01 | 5.967442578458852509e+00
8.500000000000000000e+01 | 1.015328690595749928e+00
8.600000000000000000e+01 | 5.312038326207934702e+00
8.700000000000000000e+01 | 2.968177755904850557e-01
8.800000000000000000e+01 | 5.218071735724362448e+00
8.900000000000000000e+01 | 4.598413878134582689e+00
9.000000000000000000e+01 | 5.942626142565051062e+00
9.100000000000000000e+01 | 1.437144389670295785e+00
9.200000000000000000e+01 | 3.526826611300020176e-01
9.300000000000000000e+01 | 4.091310520303317766e+00
9.400000000000000000e+01 | 2.154300797674243206e+00
9.500000000000000000e+01 | 3.027909543503542800e+00
9.600000000000000000e+01 | 2.038697690880352464e+00
9.700000000000000000e+01 | 1.044272376065710217e+00
9.800000000000000000e+01 | 8.804250575419052538e-01
9.900000000000000000e+01 | 8.172472163151849323e-01
1.000000000000000000e+02 | 1.948394136975382107e+00
1.010000000000000000e+02 | 5.064145813162523879e+00
1.020000000000000000e+02 | 2.737579034862715588e+00
1.030000000000000000e+02 | 3.141533295017746585e+00
1.040000000000000000e+02 | 8.841673067187403312e-01
1.050000000000000000e+02 | 1.180102371517019355e+00
1.060000000000000000e+02 | 1.010373688537511860e+00
1.070000000000000000e+02 | 1.043462526026347481e+00
1.080000000000000000e+02 | 4.910952930327340482e+00
1.090000000000000000e+02 | 3.149837427365471676e+00
1.100000000000000000e+02 | 4.589072376330305403e+00
1.110000000000000000e+02 | 5.436539802320906389e+00
1.120000000000000000e+02 | 3.481868989914588930e+00
1.130000000000000000e+02 | 3.250146545745664639e+00
1.140000000000000000e+02 | 5.354304601923098872e+00
1.150000000000000000e+02 | 5.354170342612984967e-02
1.160000000000000000e+02 | 2.647909127992214895e+00
1.170000000000000000e+02 | 4.083363115366701379e+00
1.180000000000000000e+02 | 3.106613827504768999e+00
1.190000000000000000e+02 | 1.936347167668398983e+00
1.200000000000000000e+02 | 3.202980720243642665e+00
1.210000000000000000e+02 | 4.660049967796641823e+00
1.220000000000000000e+02 | 5.337814859103366949e+00
1.230000000000000000e+02 | 3.427199929768997233e+00
1.240000000000000000e+02 | 3.801536348341451710e+00
1.250000000000000000e+02 | 4.705318711145904942e-01
1.260000000000000000e+02 | 2.804176397858244130e+00
1.270000000000000000e+02 | 4.392235217759685284e+00
1.280000000000000000e+02 | 4.955204553464330530e+00
1.290000000000000000e+02 | 3.142276913263979843e+00
1.300000000000000000e+02 | 4.770563472484568024e-01
1.310000000000000000e+02 | 4.492086575503411616e+00
1.320000000000000000e+02 | 2.239909765112829909e+00
1.330000000000000000e+02 | 1.944032621127206539e+00
1.340000000000000000e+02 | 5.839833618735127629e+00
1.350000000000000000e+02 | 3.228501755405641660e+00
1.360000000000000000e+02 | 5.975522970558419189e+00
1.370000000000000000e+02 | 5.126739373590202931e+00
1.380000000000000000e+02 | 3.711127459102195658e+00
1.390000000000000000e+02 | 4.084654682177184526e+00
1.400000000000000000e+02 | 2.053978932719542794e+00
1.410000000000000000e+02 | 4.971529018254718935e+00
1.420000000000000000e+02 | 2.491519453437613496e+00
1.430000000000000000e+02 | 4.618251027622253702e+00
1.440000000000000000e+02 | 3.847828079878685692e+00
1.450000000000000000e+02 | 3.901186478749103070e+00
1.460000000000000000e+02 | 3.047706429992271371e+00
1.470000000000000000e+02 | 4.827738122045230007e+00
1.480000000000000000e+02 | 3.755789118348992872e+00
1.490000000000000000e+02 | 3.342142232187019779e+00
1.500000000000000000e+02 | 1.593320017445452264e+00
1.510000000000000000e+02 | 4.583372136083575299e+00
1.520000000000000000e+02 | 1.361876489802047452e-01
1.530000000000000000e+02 | 3.525685497809229574e+00
1.540000000000000000e+02 | 5.995795592421226061e+00
1.550000000000000000e+02 | 4.431518001677375196e+00
1.560000000000000000e+02 | 3.216088711535193490e+00
1.570000000000000000e+02 | 4.384078785421112734e+00
1.580000000000000000e+02 | 1.788553234255582547e+00
1.590000000000000000e+02 | 3.641320969323813994e+00
1.600000000000000000e+02 | 2.342584635414316274e+00
1.610000000000000000e+02 | 2.227846473050646203e+00
1.620000000000000000e+02 | 1.624371426413335540e+00
1.630000000000000000e+02 | 3.981190990297117427e+00
1.640000000000000000e+02 | 5.772732498104993226e+00
1.650000000000000000e+02 | 4.676593251035748189e+00
1.660000000000000000e+02 | 4.320546683222251438e+00
1.670000000000000000e+02 | 3.339610725720251860e+00
1.680000000000000000e+02 | 1.242951837755912337e-01
1.690000000000000000e+02 | 5.862262379182169525e+00
1.700000000000000000e+02 | 2.540574135976274128e+00
1.710000000000000000e+02 | 2.996188574285847395e+00
1.720000000000000000e+02 | 2.479100699883444392e+00
1.730000000000000000e+02 | 3.156873259059576053e+00
1.740000000000000000e+02 | 4.821018010526158193e+00
1.750000000000000000e+02 | 4.833015893862707024e+00
1.760000000000000000e+02 | 1.528147848959125144e+00
1.770000000000000000e+02 | 1.000159966882637974e+00
1.780000000000000000e+02 | 2.314388577359469679e+00
1.790000000000000000e+02 | 2.882502094453531782e-01
1.800000000000000000e+02 | 1.428875158465826134e+00
1.810000000000000000e+02 | 7.992220547610666692e-01
1.820000000000000000e+02 | 4.312601858895711793e+00
1.830000000000000000e+02 | 3.199138456247726303e+00
1.840000000000000000e+02 | 3.317550124726689642e+00
1.850000000000000000e+02 | 5.502221852146389480e-01
1.860000000000000000e+02 | 7.694811896325535194e-01
1.870000000000000000e+02 | 1.421832260023147443e+00
1.880000000000000000e+02 | 5.002435835393203689e+00
1.890000000000000000e+02 | 4.833937132534558145e+00
1.900000000000000000e+02 | 1.759273246198545193e+00
1.910000000000000000e+02 | 2.046874195566254606e+00
1.920000000000000000e+02 | 3.186075129193165267e+00
1.930000000000000000e+02 | 1.357264327148494987e+00
1.940000000000000000e+02 | 4.367424129205421224e+00
1.950000000000000000e+02 | 4.145733491170795482e+00
1.960000000000000000e+02 | 1.545306314458988695e+00
1.970000000000000000e+02 | 1.169677240509215732e+00
1.980000000000000000e+02 | 4.189887300473737142e+00
1.990000000000000000e+02 | 4.828828450252393267e+00
2.000000000000000000e+02 | 2.188523063701081739e+00
2.010000000000000000e+02 | 2.234765283166080252e-01
2.020000000000000000e+02 | 1.158948162193874643e+00
2.030000000000000000e+02 | 2.613183932197669979e+00
2.040000000000000000e+02 | 7.853474002163447487e-01
2.050000000000000000e+02 | 2.977666763725914656e+00
2.060000000000000000e+02 | 1.598344180033999029e+00
2.070000000000000000e+02 | 2.183662693683371181e+00
2.080000000000000000e+02 | 1.998631103970183842e+00
2.090000000000000000e+02 | 4.363801561201974266e-03
2.100000000000000000e+02 | 3.647612158093603174e+00
2.110000000000000000e+02 | 3.581385947680292059e+00
2.120000000000000000e+02 | 7.871377968342803122e-01
2.130000000000000000e+02 | 4.736767368630538044e+00
2.140000000000000000e+02 | 2.028375271989663720e+00
2.150000000000000000e+02 | 5.604932942071464197e+00
2.160000000000000000e+02 | 5.751846456303931987e+00
2.170000000000000000e+02 | 1.545641240964479746e+00
2.180000000000000000e+02 | 1.135637538084727449e+00
2.190000000000000000e+02 | 2.313392016597581424e+00
2.200000000000000000e+02 | 2.766783186362364866e-01
2.210000000000000000e+02 | 3.004139003592169566e+00
2.220000000000000000e+02 | 3.836168143062848923e+00
2.230000000000000000e+02 | 1.667862221182097482e+00
2.240000000000000000e+02 | 5.769099854712292696e+00
2.250000000000000000e+02 | 1.816050011745840465e+00
2.260000000000000000e+02 | 2.185862828576745187e+00
2.270000000000000000e+02 | 2.073781362466748490e+00
2.280000000000000000e+02 | 2.718459952511490307e+00
2.290000000000000000e+02 | 1.354655366537097061e+00
2.300000000000000000e+02 | 5.393258815041127363e+00
2.310000000000000000e+02 | 4.622958919275762746e+00
2.320000000000000000e+02 | 1.955879862021516757e-01
2.330000000000000000e+02 | 2.618301215802481430e+00
2.340000000000000000e+02 | 4.779731187031570627e+00
2.350000000000000000e+02 | 1.061275502508534307e+00
2.360000000000000000e+02 | 1.451525075824268374e+00
2.370000000000000000e+02 | 2.482208383434822530e+00
2.380000000000000000e+02 | 1.829095515900878377e+00
2.390000000000000000e+02 | 4.992679009736754381e+00
2.400000000000000000e+02 | 4.815405504339519638e+00
2.410000000000000000e+02 | 4.591201835568459622e+00
2.420000000000000000e+02 | 2.399584363284257726e+00
2.430000000000000000e+02 | 1.612550161313027530e+00
2.440000000000000000e+02 | 1.107059276135702319e-01
2.450000000000000000e+02 | 3.461650881096337340e+00
2.460000000000000000e+02 | 1.440588442345664966e+00
2.470000000000000000e+02 | 5.503367542686486757e+00
2.480000000000000000e+02 | 5.472019968587662042e+00
2.490000000000000000e+02 | 5.656541499100715242e+00
2.500000000000000000e+02 | 2.120104447488269983e+00
2.510000000000000000e+02 | 2.217524180690557678e+00
2.520000000000000000e+02 | 5.983452385874890034e+00
2.530000000000000000e+02 | 3.586218877669905325e+00
2.540000000000000000e+02 | 5.241093739242110416e+00
2.550000000000000000e+02 | 5.656962931304915898e+00
2.560000000000000000e+02 | 5.666879531288861571e+00
2.570000000000000000e+02 | 3.215541246176676360e+00
2.580000000000000000e+02 | 2.488805949778998716e+00
2.590000000000000000e+02 | 4.677719217905547566e+00
2.600000000000000000e+02 | 6.801044469763173339e-01
2.610000000000000000e+02 | 4.339214641114878646e+00
2.620000000000000000e+02 | 5.681783609109164246e+00
2.630000000000000000e+02 | 2.741925345463195995e+00
2.640000000000000000e+02 | 5.005162030009379315e+00
2.650000000000000000e+02 | 5.789934381903315774e+00
2.660000000000000000e+02 | 2.498088886619743043e+00
2.670000000000000000e+02 | 1.783187562476307164e+00
2.680000000000000000e+02 | 7.220207077327502887e-01
2.690000000000000000e+02 | 2.569343363306308525e+00
2.700000000000000000e+02 | 2.667390043734928273e+00
2.710000000000000000e+02 | 5.253583542801760764e-01
2.720000000000000000e+02 | 1.824585727456365936e+00
2.730000000000000000e+02 | 5.614993234392374077e+00
2.740000000000000000e+02 | 4.662478425754819966e+00
2.750000000000000000e+02 | 2.576909159741717303e+00
2.760000000000000000e+02 | 3.468789432512370929e+00
2.770000000000000000e+02 | 1.966330854847265774e+00
2.780000000000000000e+02 | 2.222117504712851854e+00
2.790000000000000000e+02 | 4.215027789166750694e+00
2.800000000000000000e+02 | 2.359138102332127396e+00
2.810000000000000000e+02 | 6.444391278127525879e-01
2.820000000000000000e+02 | 5.185002328575973429e+00
2.830000000000000000e+02 | 1.387291537607756808e+00
2.840000000000000000e+02 | 4.580206582861527487e+00
2.850000000000000000e+02 | 2.227389298818642782e+00
2.860000000000000000e+02 | 1.778513990317133420e+00
2.870000000000000000e+02 | 5.718086542769073688e+00
2.880000000000000000e+02 | 1.247725877987021059e+00
2.890000000000000000e+02 | 4.624909747590675302e+00
2.900000000000000000e+02 | 3.638590144901065138e+00
2.910000000000000000e+02 | 3.264393859644599161e+00
2.920000000000000000e+02 | 1.774791556262066194e+00
2.930000000000000000e+02 | 4.165738024157576547e+00
2.940000000000000000e+02 | 1.425427470879965242e-01
2.950000000000000000e+02 | 5.310278564522022293e+00
2.960000000000000000e+02 | 5.338793572158252232e+00
2.970000000000000000e+02 | 4.576173901072965400e+00
2.980000000000000000e+02 | 6.480861026150912529e-01
2.990000000000000000e+02 | 4.466600166930216886e+00
3.000000000000000000e+02 | 5.562596141437468944e+00
3.010000000000000000e+02 | 4.753294234946698893e+00
3.020000000000000000e+02 | 3.377229036225654735e+00
3.030000000000000000e+02 | 7.963643099638577638e-01
3.040000000000000000e+02 | 4.856634210552277509e+00
3.050000000000000000e+02 | 3.710616307933613633e+00
3.060000000000000000e+02 | 4.953699424052967260e+00
3.070000000000000000e+02 | 5.286737817377225923e+00
3.080000000000000000e+02 | 1.138262228844926671e+00
3.090000000000000000e+02 | 4.902163056840818101e+00
3.100000000000000000e+02 | 2.733024619938566158e+00
3.110000000000000000e+02 | 5.241975128692224928e+00
3.120000000000000000e+02 | 3.083967017565591995e+00
3.130000000000000000e+02 | 7.074143861205026695e-01
3.140000000000000000e+02 | 4.381785814899235021e-01
3.150000000000000000e+02 | 3.946702921318130386e-01
3.160000000000000000e+02 | 2.712689249236314382e+00
3.170000000000000000e+02 | 4.732921574104342888e-01
3.180000000000000000e+02 | 3.001197231590263304e+00
3.190000000000000000e+02 | 2.695106594386191823e-01
3.200000000000000000e+02 | 3.338612117594588202e+00
3.210000000000000000e+02 | 3.614396302293574337e+00
3.220000000000000000e+02 | 5.085945013480204224e+00
3.230000000000000000e+02 | 2.656313258833340907e+00
3.240000000000000000e+02 | 1.792103032236884497e+00
3.250000000000000000e+02 | 5.987167543795328228e+00
3.260000000000000000e+02 | 5.520391595141765251e+00
3.270000000000000000e+02 | 9.022776713085591815e-01
3.280000000000000000e+02 | 9.372064391801449013e-01
3.290000000000000000e+02 | 3.455819353962815477e+00
3.300000000000000000e+02 | 5.779426254616573999e+00
3.310000000000000000e+02 | 5.776106367387029650e+00
3.320000000000000000e+02 | 5.029105813090566812e+00
3.330000000000000000e+02 | 3.674637490816653251e+00
3.340000000000000000e+02 | 1.665244559302849314e+00
3.350000000000000000e+02 | 2.431971300229860411e-01
3.360000000000000000e+02 | 2.942790090901707067e+00
3.370000000000000000e+02 | 1.914476141513044904e+00
3.380000000000000000e+02 | 5.957671575618779691e+00
3.390000000000000000e+02 | 3.415799706460993512e-01
3.400000000000000000e+02 | 5.237664960736267972e+00
3.410000000000000000e+02 | 4.442641682667769487e+00
3.420000000000000000e+02 | 4.033463366033967823e+00
3.430000000000000000e+02 | 1.556876277945303144e+00
3.440000000000000000e+02 | 1.947389618117582710e+00
3.450000000000000000e+02 | 4.389911789569052480e+00
3.460000000000000000e+02 | 2.173580883883297510e+00
3.470000000000000000e+02 | 1.696735838117755746e+00
3.480000000000000000e+02 | 2.352558593758546479e+00
3.490000000000000000e+02 | 3.254459169010015529e-02
3.500000000000000000e+02 | 2.062387592863017538e+00
3.510000000000000000e+02 | 2.067186117738748496e+00
3.520000000000000000e+02 | 3.763068402895658693e+00
3.530000000000000000e+02 | 2.575251111680175065e+00
3.540000000000000000e+02 | 5.974401102702531219e+00
3.550000000000000000e+02 | 2.106263672512601826e+00
3.560000000000000000e+02 | 5.142924926961773835e+00
3.570000000000000000e+02 | 3.616917888854519703e+00
3.580000000000000000e+02 | 4.891735274034719083e+00
3.590000000000000000e+02 | 2.122507923011362596e+00
3.600000000000000000e+02 | 4.286680720785432719e+00
3.610000000000000000e+02 | 3.766080360387943582e+00
3.620000000000000000e+02 | 5.209011292290277595e-02
3.630000000000000000e+02 | 2.685687182744523671e+00
3.640000000000000000e+02 | 7.283351680243015380e-01
3.650000000000000000e+02 | 1.187882221463704369e+00
3.660000000000000000e+02 | 5.318458006333091070e-01
3.670000000000000000e+02 | 2.148239646454737972e+00
3.680000000000000000e+02 | 5.059782410658887564e+00
3.690000000000000000e+02 | 3.658334111266000388e+00
3.700000000000000000e+02 | 2.390775843146816459e+00
3.710000000000000000e+02 | 5.693599870276742081e-01
3.720000000000000000e+02 | 1.720381422864805998e+00
3.730000000000000000e+02 | 2.513400460114403323e+00
3.740000000000000000e+02 | 1.804878798243561011e+00
3.750000000000000000e+02 | 1.141566645912369005e+00
3.760000000000000000e+02 | 2.534377984180042898e+00
3.770000000000000000e+02 | 2.075905167160512210e+00
3.780000000000000000e+02 | 2.081906178490907422e+00
3.790000000000000000e+02 | 5.770121595913033197e+00
3.800000000000000000e+02 | 1.042271988814015504e+00
3.810000000000000000e+02 | 4.648963032502613224e+00
3.820000000000000000e+02 | 2.439206489657788079e+00
3.830000000000000000e+02 | 3.191432479505746045e+00
3.840000000000000000e+02 | 5.916431990443906663e-01
3.850000000000000000e+02 | 2.010568786226563542e+00
3.860000000000000000e+02 | 4.982541117079458459e+00
3.870000000000000000e+02 | 4.944273388559048854e+00
3.880000000000000000e+02 | 1.834532121841599750e+00
3.890000000000000000e+02 | 5.076133019196036322e-01
3.900000000000000000e+02 | 1.523933645702471695e+00
3.910000000000000000e+02 | 2.143633482542288693e+00
3.920000000000000000e+02 | 5.533922380520682083e+00
3.930000000000000000e+02 | 1.522879146690771401e+00
3.940000000000000000e+02 | 4.111687322197582262e+00
3.950000000000000000e+02 | 5.257186833530452574e+00
3.960000000000000000e+02 | 5.129952916601493662e+00
3.970000000000000000e+02 | 5.926838188775329641e+00
3.980000000000000000e+02 | 2.823616306636082651e+00
3.990000000000000000e+02 | 1.568714552041289734e+00
4.000000000000000000e+02 | 3.124646301675231719e+00
4.010000000000000000e+02 | 2.405828114350742286e+00
4.020000000000000000e+02 | 2.167392145114973356e+00
4.030000000000000000e+02 | 4.230588413398757908e+00
4.040000000000000000e+02 | 5.023148153163264240e+00
4.050000000000000000e+02 | 4.340074924359679898e+00
4.060000000000000000e+02 | 2.637895231355393388e+00
4.070000000000000000e+02 | 5.939559885009686013e+00
4.080000000000000000e+02 | 5.224521365472405421e-01
4.090000000000000000e+02 | 4.725209544474692436e+00
4.100000000000000000e+02 | 4.725314656453223350e-01
4.110000000000000000e+02 | 3.870373223596725865e-01
4.120000000000000000e+02 | 2.033573504467731219e+00
4.130000000000000000e+02 | 2.670879430480988859e+00
4.140000000000000000e+02 | 1.747821161523973599e+00
4.150000000000000000e+02 | 3.394956151812349443e+00
4.160000000000000000e+02 | 3.090622924318751075e+00
4.170000000000000000e+02 | 4.957324167093624112e+00
4.180000000000000000e+02 | 5.896031070330328916e+00
4.190000000000000000e+02 | 3.830611515770679709e+00
4.200000000000000000e+02 | 2.582994267713024872e+00
4.210000000000000000e+02 | 3.591257038903847842e+00
4.220000000000000000e+02 | 5.519151691036933371e+00
4.230000000000000000e+02 | 2.091895818230034898e+00
4.240000000000000000e+02 | 3.010087919076463336e+00
4.250000000000000000e+02 | 2.531889262525996998e+00
4.260000000000000000e+02 | 1.411609099798749600e+00
4.270000000000000000e+02 | 3.465949879458802396e+00
4.280000000000000000e+02 | 2.646868113610301165e-02
4.290000000000000000e+02 | 5.806474798308730811e+00
4.300000000000000000e+02 | 3.190961204371463023e+00
4.310000000000000000e+02 | 7.672456568611587535e-01
4.320000000000000000e+02 | 5.333431510950646270e+00
4.330000000000000000e+02 | 3.822566729118039408e+00
4.340000000000000000e+02 | 5.236624842124962598e+00
4.350000000000000000e+02 | 4.523586017962863082e+00
4.360000000000000000e+02 | 2.201663001142537102e+00
4.370000000000000000e+02 | 6.470389211534315343e-01
4.380000000000000000e+02 | 3.817280641019384912e+00
4.390000000000000000e+02 | 1.626133075845873632e+00
4.400000000000000000e+02 | 1.377881407917146639e+00
4.410000000000000000e+02 | 2.684195718937989028e+00
4.420000000000000000e+02 | 4.451139892846279089e+00
4.430000000000000000e+02 | 4.896254464735783962e+00
4.440000000000000000e+02 | 2.696743018469657915e+00
4.450000000000000000e+02 | 4.748676072168073858e+00
4.460000000000000000e+02 | 2.821608281870001456e+00
4.470000000000000000e+02 | 2.343685566470737225e+00
4.480000000000000000e+02 | 9.956619777407684779e-01
4.490000000000000000e+02 | 1.579349405139079732e+00
4.500000000000000000e+02 | 1.247183569864389829e+00
4.510000000000000000e+02 | 4.418949053147008144e+00
4.520000000000000000e+02 | 2.922231603508053333e+00
4.530000000000000000e+02 | 2.056446993484396746e+00
4.540000000000000000e+02 | 2.324997712367456337e+00
4.550000000000000000e+02 | 5.906620547482255290e+00
4.560000000000000000e+02 | 3.871286266555515887e-01
4.570000000000000000e+02 | 5.398844007971504766e+00
4.580000000000000000e+02 | 1.093827252396793126e+00
4.590000000000000000e+02 | 3.062005580880741373e+00
4.600000000000000000e+02 | 4.944329277333984862e+00
4.610000000000000000e+02 | 5.366626454215859710e+00
4.620000000000000000e+02 | 5.464399586141379217e+00
4.630000000000000000e+02 | 7.377248113844707689e-01
4.640000000000000000e+02 | 1.973378476163419881e+00
4.650000000000000000e+02 | 1.231937758687916551e+00
4.660000000000000000e+02 | 3.961368506364804976e+00
4.670000000000000000e+02 | 1.861112338323414050e+00
4.680000000000000000e+02 | 1.447653623904791020e+00
4.690000000000000000e+02 | 2.338922841261714680e-01
4.700000000000000000e+02 | 4.411916613381666963e+00
4.710000000000000000e+02 | 5.565754633981748967e+00
4.720000000000000000e+02 | 4.979383128564700556e+00
4.730000000000000000e+02 | 5.082128366699266486e+00
4.740000000000000000e+02 | 3.782347520538716701e+00
4.750000000000000000e+02 | 1.576486990704200064e+00
4.760000000000000000e+02 | 5.107615415711377338e+00
4.770000000000000000e+02 | 4.874934136157019537e+00
4.780000000000000000e+02 | 2.842197611807948388e+00
4.790000000000000000e+02 | 4.709169746220535302e+00
4.800000000000000000e+02 | 6.183453185315121559e+00
4.810000000000000000e+02 | 6.439360423183172699e+00
4.820000000000000000e+02 | 8.315477622424605642e+00
4.830000000000000000e+02 | 8.417154130361140574e+00
4.840000000000000000e+02 | 5.920348014725860253e+00
4.850000000000000000e+02 | 1.021894817799963917e+01
4.860000000000000000e+02 | 8.280207994645220282e+00
4.870000000000000000e+02 | 7.724094010042080072e+00
4.880000000000000000e+02 | 1.311691074582103411e+01
4.890000000000000000e+02 | 1.461132061714699226e+01
4.900000000000000000e+02 | 1.368265544423348778e+01
4.910000000000000000e+02 | 1.480382814618658749e+01
4.920000000000000000e+02 | 1.838508599699729373e+01
4.930000000000000000e+02 | 2.359153165661813034e+01
4.940000000000000000e+02 | 2.630885917588804901e+01
4.950000000000000000e+02 | 2.799605459819472841e+01
4.960000000000000000e+02 | 3.234412845150508531e+01
4.970000000000000000e+02 | 3.700039223718724912e+01
4.980000000000000000e+02 | 4.207153172757544013e+01
4.990000000000000000e+02 | 4.445315026495893562e+01
5.000000000000000000e+02 | 4.511571328101185685e+01
5.010000000000000000e+02 | 5.036032134533675020e+01
5.020000000000000000e+02 | 5.741092909624090623e+01
5.030000000000000000e+02 | 5.831680269577723408e+01
5.040000000000000000e+02 | 6.381813914675058186e+01
5.050000000000000000e+02 | 6.868240084418077629e+01
5.060000000000000000e+02 | 6.864174880201267115e+01
5.070000000000000000e+02 | 7.187397420550077243e+01
5.080000000000000000e+02 | 7.328998430514580775e+01
5.090000000000000000e+02 | 7.422799814136017460e+01
5.100000000000000000e+02 | 8.104166840449646259e+01
5.110000000000000000e+02 | 8.074973608060783192e+01
5.120000000000000000e+02 | 7.939811327116233031e+01
5.130000000000000000e+02 | 8.072161691435375985e+01
5.140000000000000000e+02 | 8.059066994150026630e+01
5.150000000000000000e+02 | 8.719853285147868860e+01
5.160000000000000000e+02 | 8.439121970495851599e+01
5.170000000000000000e+02 | 8.695157218869333349e+01
5.180000000000000000e+02 | 8.730702010505433464e+01
5.190000000000000000e+02 | 8.544904105872753064e+01
5.200000000000000000e+02 | 8.703218302531253414e+01
5.210000000000000000e+02 | 8.610363031001757861e+01
5.220000000000000000e+02 | 8.558652422169230078e+01
5.230000000000000000e+02 | 8.703143785322269821e+01
5.240000000000000000e+02 | 8.973725800309198064e+01
5.250000000000000000e+02 | 8.567718300127731368e+01
5.260000000000000000e+02 | 8.749668526879123931e+01
5.270000000000000000e+02 | 8.812700658331210946e+01
5.280000000000000000e+02 | 8.814943399233007426e+01
5.290000000000000000e+02 | 8.717487025524879130e+01
5.300000000000000000e+02 | 9.016321325606764958e+01
5.310000000000000000e+02 | 8.505438136721312503e+01
5.320000000000000000e+02 | 8.803537191214314817e+01
5.330000000000000000e+02 | 8.988238879899404310e+01
5.340000000000000000e+02 | 8.796141769377359765e+01
5.350000000000000000e+02 | 8.616348603115635285e+01
5.360000000000000000e+02 | 8.939000723135259818e+01
5.370000000000000000e+02 | 8.956333923723396140e+01
5.380000000000000000e+02 | 8.586543537238361523e+01
5.390000000000000000e+02 | 8.569242815655218237e+01
5.400000000000000000e+02 | 8.794101746749520032e+01
5.410000000000000000e+02 | 8.910629369875836403e+01
5.420000000000000000e+02 | 9.039327815741552286e+01
5.430000000000000000e+02 | 8.780411055394314701e+01
5.440000000000000000e+02 | 9.090232140829748175e+01
5.450000000000000000e+02 | 8.679544284673416144e+01
5.460000000000000000e+02 | 8.657835637715240296e+01
5.470000000000000000e+02 | 8.727412269674509560e+01
5.480000000000000000e+02 | 8.542339453404969163e+01
5.490000000000000000e+02 | 8.811059350312217475e+01
5.500000000000000000e+02 | 8.717082336333545811e+01
5.510000000000000000e+02 | 8.501834252501194555e+01
5.520000000000000000e+02 | 8.743302023962048963e+01
5.530000000000000000e+02 | 8.980862658764742434e+01
5.540000000000000000e+02 | 8.990292298066609078e+01
5.550000000000000000e+02 | 8.612913145870155063e+01
5.560000000000000000e+02 | 8.606928214619578910e+01
5.570000000000000000e+02 | 8.732773961937157026e+01
5.580000000000000000e+02 | 8.842953688930163025e+01
5.590000000000000000e+02 | 8.778968322824334791e+01
5.600000000000000000e+02 | 8.882446392761276854e+01
5.610000000000000000e+02 | 8.733070064198386717e+01
5.620000000000000000e+02 | 8.794492910855699108e+01
5.630000000000000000e+02 | 8.952633834656950285e+01
5.640000000000000000e+02 | 8.675481522504757947e+01
5.650000000000000000e+02 | 8.774112493369069909e+01
5.660000000000000000e+02 | 8.903754640687992605e+01
5.670000000000000000e+02 | 8.574841808225228590e+01
5.680000000000000000e+02 | 8.535151123962219799e+01
5.690000000000000000e+02 | 8.901526718962634277e+01
5.700000000000000000e+02 | 8.550605187256888939e+01
5.710000000000000000e+02 | 9.048751140761272893e+01
5.720000000000000000e+02 | 8.788727128354373974e+01
5.730000000000000000e+02 | 8.929266755661903687e+01
5.740000000000000000e+02 | 8.554060988625215600e+01
5.750000000000000000e+02 | 8.790510449520346015e+01
5.760000000000000000e+02 | 8.503681174053342318e+01
5.770000000000000000e+02 | 9.039011863127673507e+01
5.780000000000000000e+02 | 8.522977126401266901e+01
5.790000000000000000e+02 | 9.057688137974473364e+01
5.800000000000000000e+02 | 8.576404118912718388e+01
5.810000000000000000e+02 | 8.786864491712852043e+01
5.820000000000000000e+02 | 9.081837776747916280e+01
5.830000000000000000e+02 | 8.529433214692454612e+01
5.840000000000000000e+02 | 9.027925188254673117e+01
5.850000000000000000e+02 | 8.639166141780056307e+01
5.860000000000000000e+02 | 8.973699300963177450e+01
5.870000000000000000e+02 | 8.877679065146863024e+01
5.880000000000000000e+02 | 8.604420618310172131e+01
5.890000000000000000e+02 | 8.854481782939129175e+01
5.900000000000000000e+02 | 8.579062634391016218e+01
5.910000000000000000e+02 | 8.751434108497369380e+01
5.920000000000000000e+02 | 8.730825021685652132e+01
5.930000000000000000e+02 | 8.581325537403860437e+01
5.940000000000000000e+02 | 8.508000720206163692e+01
5.950000000000000000e+02 | 8.967672928649339781e+01
5.960000000000000000e+02 | 8.989744141287425805e+01
5.970000000000000000e+02 | 8.940314972689807860e+01
5.980000000000000000e+02 | 8.623857169003987622e+01
5.990000000000000000e+02 | 8.709843238203359306e+01
6.000000000000000000e+02 | 8.973156354782081223e+01
6.010000000000000000e+02 | 8.850327242257721139e+01
6.020000000000000000e+02 | 8.510701462977358744e+01
6.030000000000000000e+02 | 8.735266125885313215e+01
6.040000000000000000e+02 | 8.746116837839929303e+01
6.050000000000000000e+02 | 8.928678872643092745e+01
6.060000000000000000e+02 | 8.676694973048550708e+01
6.070000000000000000e+02 | 9.073562509513153884e+01
6.080000000000000000e+02 | 8.519651931967050018e+01
6.090000000000000000e+02 | 8.514736440251381566e+01
6.100000000000000000e+02 | 8.709744367135206744e+01
6.110000000000000000e+02 | 8.912512742696840462e+01
6.120000000000000000e+02 | 8.531575951937587377e+01
6.130000000000000000e+02 | 8.728093502729571185e+01
6.140000000000000000e+02 | 8.564434731535801859e+01
6.150000000000000000e+02 | 8.998946591095368319e+01
6.160000000000000000e+02 | 8.887859525634367230e+01
6.170000000000000000e+02 | 8.564444960271046625e+01
6.180000000000000000e+02 | 8.505677102801411138e+01
6.190000000000000000e+02 | 9.055929698481796208e+01
6.200000000000000000e+02 | 8.751853993306563950e+01
6.210000000000000000e+02 | 8.910588500859599037e+01
6.220000000000000000e+02 | 8.534566394605515427e+01
6.230000000000000000e+02 | 8.964752704379816350e+01
6.240000000000000000e+02 | 8.778320126786735500e+01
6.250000000000000000e+02 | 8.715472188746421978e+01
6.260000000000000000e+02 | 8.761023904816141794e+01
6.270000000000000000e+02 | 8.920440985597856809e+01
6.280000000000000000e+02 | 8.894573368554891601e+01
6.290000000000000000e+02 | 8.885774720272270599e+01
6.300000000000000000e+02 | 8.616253048849451091e+01
6.310000000000000000e+02 | 8.769147073535685877e+01
6.320000000000000000e+02 | 8.878231745387176943e+01
6.330000000000000000e+02 | 8.956293484239948555e+01
6.340000000000000000e+02 | 9.059439162625236008e+01
6.350000000000000000e+02 | 8.778389745849719361e+01
6.360000000000000000e+02 | 8.536968702418424471e+01
6.370000000000000000e+02 | 8.807139494680433245e+01
6.380000000000000000e+02 | 8.696322062841088041e+01
6.390000000000000000e+02 | 8.933168086500548100e+01
6.400000000000000000e+02 | 8.714843535605810132e+01
6.410000000000000000e+02 | 8.536181959075544512e+01
6.420000000000000000e+02 | 8.972705682319315201e+01
6.430000000000000000e+02 | 8.972324117751891492e+01
6.440000000000000000e+02 | 9.090967954187799194e+01
6.450000000000000000e+02 | 8.617601525405414975e+01
6.460000000000000000e+02 | 8.805382140501873778e+01
6.470000000000000000e+02 | 8.898395068595857538e+01
6.480000000000000000e+02 | 8.762702576229490603e+01
6.490000000000000000e+02 | 8.866985167942230817e+01
6.500000000000000000e+02 | 8.891553735522843738e+01
6.510000000000000000e+02 | 9.049638329775748957e+01
6.520000000000000000e+02 | 8.826963303154499840e+01
6.530000000000000000e+02 | 8.602935980973504115e+01
6.540000000000000000e+02 | 9.004090436487854276e+01
6.550000000000000000e+02 | 8.891026326785933520e+01
6.560000000000000000e+02 | 8.958979564260613415e+01
6.570000000000000000e+02 | 8.890733587892334810e+01
6.580000000000000000e+02 | 8.840715419692162413e+01
6.590000000000000000e+02 | 8.917295602526833420e+01
6.600000000000000000e+02 | 9.037274021846641858e+01
6.610000000000000000e+02 | 8.886484502477415504e+01
6.620000000000000000e+02 | 8.964544039383288521e+01
6.630000000000000000e+02 | 8.857348919771098394e+01
6.640000000000000000e+02 | 9.077645464488844596e+01
6.650000000000000000e+02 | 8.887049359740960597e+01
6.660000000000000000e+02 | 8.892459669674373401e+01
6.670000000000000000e+02 | 8.664573978654391340e+01
6.680000000000000000e+02 | 8.646760915307041273e+01
6.690000000000000000e+02 | 9.011030378142436348e+01
6.700000000000000000e+02 | 8.947588144503335172e+01
6.710000000000000000e+02 | 8.715919933422925681e+01
6.720000000000000000e+02 | 8.971202535460336946e+01
6.730000000000000000e+02 | 8.575165607522556854e+01
6.740000000000000000e+02 | 8.845147393998040286e+01
6.750000000000000000e+02 | 8.706996340137135348e+01
6.760000000000000000e+02 | 8.747125466402869165e+01
6.770000000000000000e+02 | 8.686357734036550937e+01
6.780000000000000000e+02 | 9.049372139600339437e+01
6.790000000000000000e+02 | 8.767095540054974379e+01
6.800000000000000000e+02 | 9.037862814320695293e+01
6.810000000000000000e+02 | 8.619810635730840431e+01
6.820000000000000000e+02 | 8.808797732323978380e+01
6.830000000000000000e+02 | 8.529813659467075126e+01
6.840000000000000000e+02 | 8.758203225718077078e+01
6.850000000000000000e+02 | 9.008531788336338764e+01
6.860000000000000000e+02 | 8.730099442583211555e+01
6.870000000000000000e+02 | 9.055182561782676487e+01
6.880000000000000000e+02 | 8.880233434633224476e+01
6.890000000000000000e+02 | 9.078592349236438963e+01
6.900000000000000000e+02 | 8.502913995184766804e+01
6.910000000000000000e+02 | 8.884312164718825500e+01
6.920000000000000000e+02 | 9.059363994730094305e+01
6.930000000000000000e+02 | 8.822869958722317563e+01
6.940000000000000000e+02 | 8.978744977380962666e+01
6.950000000000000000e+02 | 9.021517586833535063e+01
6.960000000000000000e+02 | 8.710148669290542500e+01
6.970000000000000000e+02 | 8.727471671348833127e+01
6.980000000000000000e+02 | 8.889666555289299765e+01
6.990000000000000000e+02 | 8.565416445454161476e+01
7.000000000000000000e+02 | 8.510185062581788884e+01
7.010000000000000000e+02 | 8.795235169902289840e+01
7.020000000000000000e+02 | 8.738173447370925828e+01
7.030000000000000000e+02 | 8.927811082867481218e+01
7.040000000000000000e+02 | 8.790086787606833241e+01
7.050000000000000000e+02 | 8.526304540272505506e+01
7.060000000000000000e+02 | 8.605172319418294080e+01
7.070000000000000000e+02 | 9.033735199028036789e+01
7.080000000000000000e+02 | 8.789530817725798784e+01
7.090000000000000000e+02 | 9.075013236074630640e+01
7.100000000000000000e+02 | 8.631001822056654760e+01
7.110000000000000000e+02 | 8.801176270039266569e+01
7.120000000000000000e+02 | 8.848500800077965778e+01
7.130000000000000000e+02 | 9.079260726151512984e+01
7.140000000000000000e+02 | 8.766017352663747886e+01
7.150000000000000000e+02 | 8.787921914146124891e+01
7.160000000000000000e+02 | 8.554068846677697024e+01
7.170000000000000000e+02 | 9.020717424268092088e+01
7.180000000000000000e+02 | 8.791469029919473144e+01
7.190000000000000000e+02 | 8.748951561274701305e+01
7.200000000000000000e+02 | 8.571058934278016750e+01
7.210000000000000000e+02 | 8.925501071549562937e+01
7.220000000000000000e+02 | 8.773462388596637140e+01
7.230000000000000000e+02 | 8.840868451572350750e+01
7.240000000000000000e+02 | 8.973522327297095558e+01
7.250000000000000000e+02 | 9.083671778697797095e+01
7.260000000000000000e+02 | 8.734028440795046322e+01
7.270000000000000000e+02 | 8.606745023592871746e+01
7.280000000000000000e+02 | 8.610181127548436564e+01
7.290000000000000000e+02 | 9.070712248324460347e+01
7.300000000000000000e+02 | 8.891573535723465227e+01
7.310000000000000000e+02 | 8.955623099070400883e+01
7.320000000000000000e+02 | 9.045717093243732165e+01
7.330000000000000000e+02 | 8.790180116645514374e+01
7.340000000000000000e+02 | 8.561277840260842709e+01
7.350000000000000000e+02 | 8.819616576067933522e+01
7.360000000000000000e+02 | 9.056199964940353198e+01
7.370000000000000000e+02 | 8.993895080886844084e+01
7.380000000000000000e+02 | 8.536584608924520978e+01
7.390000000000000000e+02 | 9.060017102378928655e+01
7.400000000000000000e+02 | 8.836064129526074851e+01
7.410000000000000000e+02 | 8.543104362988819389e+01
7.420000000000000000e+02 | 9.097796233656998766e+01
7.430000000000000000e+02 | 8.937901597196977832e+01
7.440000000000000000e+02 | 8.984766992778000372e+01
7.450000000000000000e+02 | 8.725728119569093622e+01
7.460000000000000000e+02 | 8.519268778887905569e+01
7.470000000000000000e+02 | 8.633494050814414322e+01
7.480000000000000000e+02 | 8.755508275593687983e+01
7.490000000000000000e+02 | 8.682133974564733592e+01
7.500000000000000000e+02 | 8.764851186730551547e+01
7.510000000000000000e+02 | 8.541094269085088797e+01
7.520000000000000000e+02 | 8.740737076042023546e+01
7.530000000000000000e+02 | 8.756644191811129474e+01
7.540000000000000000e+02 | 9.030827173679074349e+01
7.550000000000000000e+02 | 8.942160698068227020e+01
7.560000000000000000e+02 | 8.762285986503772506e+01
7.570000000000000000e+02 | 9.049399512863460870e+01
7.580000000000000000e+02 | 9.043236671587683873e+01
7.590000000000000000e+02 | 8.797574621589208732e+01
7.600000000000000000e+02 | 8.829152265251255471e+01
7.610000000000000000e+02 | 8.920543402668542399e+01
7.620000000000000000e+02 | 8.915403468283003008e+01
7.630000000000000000e+02 | 8.964062304339789478e+01
7.640000000000000000e+02 | 8.975594122173809808e+01
7.650000000000000000e+02 | 8.819857570512778011e+01
7.660000000000000000e+02 | 8.628602882669657959e+01
7.670000000000000000e+02 | 9.040121621400822960e+01
7.680000000000000000e+02 | 8.622258788017960285e+01
7.690000000000000000e+02 | 8.590975858631708206e+01
7.700000000000000000e+02 | 8.625708438128742728e+01
7.710000000000000000e+02 | 8.535525363132637722e+01
7.720000000000000000e+02 | 8.623321526198726872e+01
7.730000000000000000e+02 | 8.666440363696446525e+01
7.740000000000000000e+02 | 8.907098049994441169e+01
7.750000000000000000e+02 | 8.699363075422280644e+01
7.760000000000000000e+02 | 8.913469670523959110e+01
7.770000000000000000e+02 | 8.589742690305818940e+01
7.780000000000000000e+02 | 8.930640002250109433e+01
7.790000000000000000e+02 | 8.887894013638377544e+01
7.800000000000000000e+02 | 8.706210697573671098e+01
7.810000000000000000e+02 | 9.095566808978321660e+01
7.820000000000000000e+02 | 8.834624154773126747e+01
7.830000000000000000e+02 | 8.971854656807509798e+01
7.840000000000000000e+02 | 8.755602446091855029e+01
7.850000000000000000e+02 | 8.506900939019250529e+01
7.860000000000000000e+02 | 9.064253175746419799e+01
7.870000000000000000e+02 | 8.963576713106148475e+01
7.880000000000000000e+02 | 8.718344762444451135e+01
7.890000000000000000e+02 | 8.607114950510624851e+01
7.900000000000000000e+02 | 9.048898087678699653e+01
7.910000000000000000e+02 | 8.525890717607867941e+01
7.920000000000000000e+02 | 8.996033635563216535e+01
7.930000000000000000e+02 | 8.712027072608694311e+01
7.940000000000000000e+02 | 8.589705433910549459e+01
7.950000000000000000e+02 | 9.066050943496203729e+01
7.960000000000000000e+02 | 8.601521907391941113e+01
7.970000000000000000e+02 | 9.052035855104256257e+01
7.980000000000000000e+02 | 8.865423869843499460e+01
7.990000000000000000e+02 | 8.933467887426286325e+01
8.000000000000000000e+02 | 8.657836191696469541e+01
8.010000000000000000e+02 | 8.780961019180773519e+01
8.020000000000000000e+02 | 8.952719965494625853e+01
8.030000000000000000e+02 | 8.554577233110576628e+01
8.040000000000000000e+02 | 8.587700193506921664e+01
8.050000000000000000e+02 | 9.063705294155192860e+01
8.060000000000000000e+02 | 9.059247884150560992e+01
8.070000000000000000e+02 | 8.825280350674076146e+01
8.080000000000000000e+02 | 8.765394776745081629e+01
8.090000000000000000e+02 | 8.912876952284274523e+01
8.100000000000000000e+02 | 8.554260776034436731e+01
8.110000000000000000e+02 | 8.642156578229733555e+01
8.120000000000000000e+02 | 8.976211714974469658e+01
8.130000000000000000e+02 | 8.528365864585798306e+01
8.140000000000000000e+02 | 8.843735979215146870e+01
8.150000000000000000e+02 | 8.770692128289950062e+01
8.160000000000000000e+02 | 8.759521638806266708e+01
8.170000000000000000e+02 | 8.974875965893511420e+01
8.180000000000000000e+02 | 8.758912195983360505e+01
8.190000000000000000e+02 | 8.966368302245962241e+01
8.200000000000000000e+02 | 8.828104123600411413e+01
8.210000000000000000e+02 | 8.763645096466134987e+01
8.220000000000000000e+02 | 8.549070816777751247e+01
8.230000000000000000e+02 | 8.615398152226300965e+01
8.240000000000000000e+02 | 8.949016210633931223e+01
8.250000000000000000e+02 | 9.015515553029716500e+01
8.260000000000000000e+02 | 8.717584504611302521e+01
8.270000000000000000e+02 | 8.989873917672686332e+01
8.280000000000000000e+02 | 8.686479096808606926e+01
8.290000000000000000e+02 | 8.783336414013409410e+01
8.300000000000000000e+02 | 8.918662847375043157e+01
8.310000000000000000e+02 | 8.717165851613049199e+01
8.320000000000000000e+02 | 9.082634997170920599e+01
8.330000000000000000e+02 | 8.904984077727898750e+01
8.340000000000000000e+02 | 8.634032781739524864e+01
8.350000000000000000e+02 | 8.998738792346199489e+01
8.360000000000000000e+02 | 8.856823735434836919e+01
8.370000000000000000e+02 | 9.037383293878760071e+01
8.380000000000000000e+02 | 8.792119447403000265e+01
8.390000000000000000e+02 | 8.516949421441330514e+01
8.400000000000000000e+02 | 9.098310829016654111e+01
8.410000000000000000e+02 | 9.050923272317194801e+01
8.420000000000000000e+02 | 8.586413787520385199e+01
8.430000000000000000e+02 | 8.945740610457532682e+01
8.440000000000000000e+02 | 8.974828540467051141e+01
8.450000000000000000e+02 | 8.612782073552241968e+01
8.460000000000000000e+02 | 8.743224161239959358e+01
8.470000000000000000e+02 | 9.087473086653659493e+01
8.480000000000000000e+02 | 8.800486767398058419e+01
8.490000000000000000e+02 | 8.823700611984915554e+01
8.500000000000000000e+02 | 8.781003074496035765e+01
8.510000000000000000e+02 | 8.510050933635108095e+01
8.520000000000000000e+02 | 9.024974698321641142e+01
8.530000000000000000e+02 | 8.977832224983799847e+01
8.540000000000000000e+02 | 8.924340440249267203e+01
8.550000000000000000e+02 | 8.869618563037568038e+01
8.560000000000000000e+02 | 8.596628559161172234e+01
8.570000000000000000e+02 | 9.041047729235565100e+01
8.580000000000000000e+02 | 8.802445104877693893e+01
8.590000000000000000e+02 | 9.069740216827835866e+01
8.600000000000000000e+02 | 8.856560670600801188e+01
8.610000000000000000e+02 | 8.696306720182572292e+01
8.620000000000000000e+02 | 8.903955215125422740e+01
8.630000000000000000e+02 | 8.864827077746758732e+01
8.640000000000000000e+02 | 9.062598649103111370e+01
8.650000000000000000e+02 | 8.688593154523390183e+01
8.660000000000000000e+02 | 8.923479868385460634e+01
8.670000000000000000e+02 | 8.641276777742631054e+01
8.680000000000000000e+02 | 8.886177928037382401e+01
8.690000000000000000e+02 | 8.626777571391507138e+01
8.700000000000000000e+02 | 8.987615644078735500e+01
8.710000000000000000e+02 | 9.089065726486781216e+01
8.720000000000000000e+02 | 9.051094492583789020e+01
8.730000000000000000e+02 | 8.624527353981625311e+01
8.740000000000000000e+02 | 8.587690664191619305e+01
8.750000000000000000e+02 | 8.782409668660740465e+01
8.760000000000000000e+02 | 8.679852926010927661e+01
8.770000000000000000e+02 | 8.608229154620757129e+01
8.780000000000000000e+02 | 8.533909323453360685e+01
8.790000000000000000e+02 | 8.542285516874963491e+01
8.800000000000000000e+02 | 8.872687592789742439e+01
8.810000000000000000e+02 | 9.096052408231531672e+01
8.820000000000000000e+02 | 8.848555348369947637e+01
8.830000000000000000e+02 | 8.707211957895600563e+01
8.840000000000000000e+02 | 8.714114941358117505e+01
8.850000000000000000e+02 | 9.046930710162885703e+01
8.860000000000000000e+02 | 9.076739868174009018e+01
8.870000000000000000e+02 | 8.611176017674836203e+01
8.880000000000000000e+02 | 8.745346952027158238e+01
8.890000000000000000e+02 | 8.639705196081861516e+01
8.900000000000000000e+02 | 8.573397367383749668e+01
8.910000000000000000e+02 | 9.072662758138373817e+01
8.920000000000000000e+02 | 8.771473885800847370e+01
8.930000000000000000e+02 | 8.744877963059263948e+01
8.940000000000000000e+02 | 8.669970992804468324e+01
8.950000000000000000e+02 | 9.079325647591979020e+01
8.960000000000000000e+02 | 8.601300611159089726e+01
8.970000000000000000e+02 | 8.748053769050879680e+01
8.980000000000000000e+02 | 8.718175013560428965e+01
8.990000000000000000e+02 | 8.942780470609019972e+01
9.000000000000000000e+02 | 8.978535172439686107e+01
9.010000000000000000e+02 | 8.896890316641385255e+01
9.020000000000000000e+02 | 8.872772441111871444e+01
9.030000000000000000e+02 | 9.060283194413781871e+01
9.040000000000000000e+02 | 8.511931719493811954e+01
9.050000000000000000e+02 | 9.038699426141636195e+01
9.060000000000000000e+02 | 8.879175978723276330e+01
9.070000000000000000e+02 | 8.823213080223484894e+01
9.080000000000000000e+02 | 8.799164769689490129e+01
9.090000000000000000e+02 | 8.870224916862400732e+01
9.100000000000000000e+02 | 9.011954923545690122e+01
9.110000000000000000e+02 | 8.826578784088029295e+01
9.120000000000000000e+02 | 8.796713641191783495e+01
9.130000000000000000e+02 | 8.938476846154742361e+01
9.140000000000000000e+02 | 8.519072475885155882e+01
9.150000000000000000e+02 | 8.957864179960991180e+01
9.160000000000000000e+02 | 8.650317759451297661e+01
9.170000000000000000e+02 | 8.688909549188949200e+01
9.180000000000000000e+02 | 8.691434786058084683e+01
9.190000000000000000e+02 | 8.861207981854180105e+01
9.200000000000000000e+02 | 8.938906606071751071e+01
9.210000000000000000e+02 | 8.569565254393469900e+01
9.220000000000000000e+02 | 8.625739346667050711e+01
9.230000000000000000e+02 | 8.943726162117890510e+01
9.240000000000000000e+02 | 8.682490759644004186e+01
9.250000000000000000e+02 | 8.777878744221402485e+01
9.260000000000000000e+02 | 8.670500315477747222e+01
9.270000000000000000e+02 | 8.772650111386303706e+01
9.280000000000000000e+02 | 8.546309528947273293e+01
9.290000000000000000e+02 | 8.939177393799424465e+01
9.300000000000000000e+02 | 8.581606031172761107e+01
9.310000000000000000e+02 | 8.844311183092095519e+01
9.320000000000000000e+02 | 8.947236516754919933e+01
9.330000000000000000e+02 | 8.676724031667949077e+01
9.340000000000000000e+02 | 9.075618126268715002e+01
9.350000000000000000e+02 | 8.845886879180407902e+01
9.360000000000000000e+02 | 8.880250471752177077e+01
9.370000000000000000e+02 | 8.681244618708710448e+01
9.380000000000000000e+02 | 8.539314063184566805e+01
9.390000000000000000e+02 | 8.762855260091882315e+01
9.400000000000000000e+02 | 9.018767580849556964e+01
9.410000000000000000e+02 | 8.894302183440630927e+01
9.420000000000000000e+02 | 8.752124197235134773e+01
9.430000000000000000e+02 | 8.627345054910338717e+01
9.440000000000000000e+02 | 8.600867178320056894e+01
9.450000000000000000e+02 | 8.561417062633702812e+01
9.460000000000000000e+02 | 8.666036859101598111e+01
9.470000000000000000e+02 | 8.543360586607096252e+01
9.480000000000000000e+02 | 9.052547782900589368e+01
9.490000000000000000e+02 | 8.984655960466351132e+01
9.500000000000000000e+02 | 8.877318530126800056e+01
9.510000000000000000e+02 | 8.513861107110773219e+01
9.520000000000000000e+02 | 8.804053152247151104e+01
9.530000000000000000e+02 | 9.075199603578722929e+01
9.540000000000000000e+02 | 8.941696434715272801e+01
9.550000000000000000e+02 | 8.887543460429634479e+01
9.560000000000000000e+02 | 8.859684175684806462e+01
9.570000000000000000e+02 | 8.991294303648642483e+01
9.580000000000000000e+02 | 8.797931173425358509e+01
9.590000000000000000e+02 | 8.567766543393098289e+01
9.600000000000000000e+02 | 8.525228548291826769e+01
9.610000000000000000e+02 | 9.099978603213746453e+01
9.620000000000000000e+02 | 8.515876946747269471e+01
9.630000000000000000e+02 | 8.571325979642945470e+01
9.640000000000000000e+02 | 9.048955613854398905e+01
9.650000000000000000e+02 | 8.859321048817218980e+01
9.660000000000000000e+02 | 8.943830385577528830e+01
9.670000000000000000e+02 | 8.646912136445453712e+01
9.680000000000000000e+02 | 9.009479450777779164e+01
9.690000000000000000e+02 | 8.508981080549753528e+01
9.700000000000000000e+02 | 8.714125900366366295e+01
9.710000000000000000e+02 | 8.882303187049031123e+01
9.720000000000000000e+02 | 9.093434720005062388e+01
9.730000000000000000e+02 | 8.530148649164917174e+01
9.740000000000000000e+02 | 8.860902885074929713e+01
9.750000000000000000e+02 | 8.733845229469550020e+01
9.760000000000000000e+02 | 9.065381429056294849e+01
9.770000000000000000e+02 | 8.677587900778763697e+01
9.780000000000000000e+02 | 8.710823117908670099e+01
9.790000000000000000e+02 | 8.602013988888333529e+01
9.800000000000000000e+02 | 8.889527933067549270e+01
9.810000000000000000e+02 | 9.037272918393568943e+01
9.820000000000000000e+02 | 8.669082354341877306e+01
9.830000000000000000e+02 | 8.744585361417723846e+01
9.840000000000000000e+02 | 8.875377020221176849e+01
9.850000000000000000e+02 | 8.626333604191454185e+01
9.860000000000000000e+02 | 8.999446093677316583e+01
9.870000000000000000e+02 | 8.817012102305851329e+01
9.880000000000000000e+02 | 8.659071687198753864e+01
9.890000000000000000e+02 | 8.604941018787538098e+01
9.900000000000000000e+02 | 8.548213011127158723e+01
9.910000000000000000e+02 | 8.625852032542407244e+01
9.920000000000000000e+02 | 8.899512036213587862e+01
9.930000000000000000e+02 | 8.874011252613728118e+01
9.940000000000000000e+02 | 8.729075769906030757e+01
9.950000000000000000e+02 | 8.862874605725225763e+01
9.960000000000000000e+02 | 8.560907493032750892e+01
9.970000000000000000e+02 | 8.639729730881865066e+01
9.980000000000000000e+02 | 8.791400116364420114e+01
9.990000000000000000e+02 | 8.585259663624179893e+01
