# X values | Y values
0.000000000000000000e+00 | 2.887649166161650793e+00
1.000000000000000000e+00 | 5.968144134635675613e+00
2.000000000000000000e+00 | 4.856195632921217253e+00
3.000000000000000000e+00 | 4.128181409700868443e+00
4.000000000000000000e+00 | 4.992122620900560470e+00
5.000000000000000000e+00 | 5.642396617225720945e+00
6.000000000000000000e+00 | 7.252630622846790942e+00
7.000000000000000000e+00 | 3.758204031520656851e+00
8.000000000000000000e+00 | 6.562888932575649648e+00
9.000000000000000000e+00 | 5.187821808793568579e+00
1.000000000000000000e+01 | 7.223050904251856252e+00
1.100000000000000000e+01 | 4.995964420684106955e+00
1.200000000000000000e+01 | 6.376218822883200410e+00
1.300000000000000000e+01 | 6.727365087236810481e+00
1.400000000000000000e+01 | 4.399533799464584227e+00
1.500000000000000000e+01 | 5.089589145997955200e+00
1.600000000000000000e+01 | 4.437986152234568493e+00
1.700000000000000000e+01 | 7.404710328552823739e+00
1.800000000000000000e+01 | 6.651980715910653430e+00
1.900000000000000000e+01 | 5.636516359586520863e+00
2.000000000000000000e+01 | 6.643260726775602976e+00
2.100000000000000000e+01 | 5.355527176785271237e+00
2.200000000000000000e+01 | 4.132454428713378647e+00
2.300000000000000000e+01 | 6.849482469987981936e+00
2.400000000000000000e+01 | 3.693288969250482889e+00
2.500000000000000000e+01 | 4.198005311051484334e+00
2.600000000000000000e+01 | 5.123267267424129301e+00
2.700000000000000000e+01 | 4.216694672025765200e+00
2.800000000000000000e+01 | 6.876743309718719388e+00
2.900000000000000000e+01 | 5.940001491249677912e+00
3.000000000000000000e+01 | 6.122612459388466100e+00
3.100000000000000000e+01 | 6.285416332034670539e+00
3.200000000000000000e+01 | 6.547701934027553961e+00
3.300000000000000000e+01 | 4.881786676469978659e+00
3.400000000000000000e+01 | 3.246725091500734184e+00
3.500000000000000000e+01 | 2.984766906777231998e+00
3.600000000000000000e+01 | 6.867240539910518748e+00
3.700000000000000000e+01 | 3.543590412983165017e+00
3.800000000000000000e+01 | 6.972878225481242254e+00
3.900000000000000000e+01 | 7.552984307223692184e+00
4.000000000000000000e+01 | 4.867318722144093890e+00
4.100000000000000000e+01 | 5.997982151131307837e+00
4.200000000000000000e+01 | 5.036348328673229346e+00
4.300000000000000000e+01 | 5.927190400546329840e+00
4.400000000000000000e+01 | 4.587624104558194915e+00
4.500000000000000000e+01 | 3.041756887990754166e+00
4.600000000000000000e+01 | 7.129980916910184874e+00
4.700000000000000000e+01 | 7.083037725184314404e+00
4.800000000000000000e+01 | 5.824488650204926010e+00
4.900000000000000000e+01 | 3.521351309659433770e+00
5.000000000000000000e+01 | 3.471192484614041174e+00
5.100000000000000000e+01 | 7.261085865423988039e+00
5.200000000000000000e+01 | 5.878232336273023328e+00
5.300000000000000000e+01 | 7.082656722054884391e+00
5.400000000000000000e+01 | 3.575459828781241800e+00
5.500000000000000000e+01 | 5.284016643609544595e+00
5.600000000000000000e+01 | 7.578902513051538392e+00
5.700000000000000000e+01 | 3.085848966021708772e+00
5.800000000000000000e+01 | 6.409408837185700314e+00
5.900000000000000000e+01 | 5.091174589298556263e+00
6.000000000000000000e+01 | 4.701516150800001625e+00
6.100000000000000000e+01 | 5.643212272875721247e+00
6.200000000000000000e+01 | 3.094399714025102721e+00
6.300000000000000000e+01 | 6.282182479805928921e+00
6.400000000000000000e+01 | 6.522653956347852500e+00
6.500000000000000000e+01 | 6.568663454675732538e+00
6.600000000000000000e+01 | 6.314689197323682279e+00
6.700000000000000000e+01 | 4.732660711148027666e+00
6.800000000000000000e+01 | 4.883479100476208146e+00
6.900000000000000000e+01 | 6.715479142594835693e+00
7.000000000000000000e+01 | 6.050806575070598825e+00
7.100000000000000000e+01 | 5.513217074559936925e+00
7.200000000000000000e+01 | 3.589263678851659645e+00
7.300000000000000000e+01 | 5.733976121811779514e+00
7.400000000000000000e+01 | 6.225909072251623044e+00
7.500000000000000000e+01 | 4.944625155497202940e+00
7.600000000000000000e+01 | 6.596078607183413212e+00
7.700000000000000000e+01 | 5.472882644834506927e+00
7.800000000000000000e+01 | 5.548642058742836447e+00
7.900000000000000000e+01 | 3.332217167021421567e+00
8.000000000000000000e+01 | 6.209082379159221787e+00
8.100000000000000000e+01 | 6.892424630490998183e+00
8.200000000000000000e+01 | 3.535311088186056772e+00
8.300000000000000000e+01 | 4.096908266625264972e+00
8.400000000000000000e+01 | 6.328169410727724653e+00
8.500000000000000000e+01 | 3.325315616392861884e+00
8.600000000000000000e+01 | 5.386393309377481842e+00
8.700000000000000000e+01 | 5.243153929479847264e+00
8.800000000000000000e+01 | 7.631439706804875378e+00
8.900000000000000000e+01 | 3.297510094694433569e+00
9.000000000000000000e+01 | 3.724782676562104378e+00
9.100000000000000000e+01 | 6.192282319865670459e+00
9.200000000000000000e+01 | 6.910278471617364637e+00
9.300000000000000000e+01 | 7.649290008432862997e+00
9.400000000000000000e+01 | 6.929160562952542790e+00
9.500000000000000000e+01 | 5.295545787572412344e+00
9.600000000000000000e+01 | 5.282403857165192562e+00
9.700000000000000000e+01 | 7.415387091010791742e+00
9.800000000000000000e+01 | 6.283551695542612947e+00
9.900000000000000000e+01 | 6.941976642405093045e+00
1.000000000000000000e+02 | 7.250686764726339106e+00
1.010000000000000000e+02 | 3.293009207724350240e+00
1.020000000000000000e+02 | 3.730818027092333899e+00
1.030000000000000000e+02 | 3.274952609859704378e+00
1.040000000000000000e+02 | 5.127980927592274085e+00
1.050000000000000000e+02 | 6.998767473959492058e+00
1.060000000000000000e+02 | 6.650631105001359344e+00
1.070000000000000000e+02 | 3.435055694967926954e+00
1.080000000000000000e+02 | 4.755073224319235514e+00
1.090000000000000000e+02 | 3.460282826546231316e+00
1.100000000000000000e+02 | 4.691711551800008095e+00
1.110000000000000000e+02 | 7.887523551648702558e+00
1.120000000000000000e+02 | 3.681664349175107986e+00
1.130000000000000000e+02 | 7.307252380732772501e+00
1.140000000000000000e+02 | 4.872296644969312140e+00
1.150000000000000000e+02 | 6.079361623413680249e+00
1.160000000000000000e+02 | 6.548675340339897843e+00
1.170000000000000000e+02 | 3.855697393412983232e+00
1.180000000000000000e+02 | 7.584611735019977985e+00
1.190000000000000000e+02 | 5.780132925169663594e+00
1.200000000000000000e+02 | 6.657016291726844059e+00
1.210000000000000000e+02 | 6.200230058736401872e+00
1.220000000000000000e+02 | 7.726944663316529294e+00
1.230000000000000000e+02 | 7.913824970997088037e+00
1.240000000000000000e+02 | 5.310073165694494612e+00
1.250000000000000000e+02 | 6.176772141435234786e+00
1.260000000000000000e+02 | 3.628274350354730782e+00
1.270000000000000000e+02 | 7.222006329652943535e+00
1.280000000000000000e+02 | 6.638420345014976576e+00
1.290000000000000000e+02 | 6.858407214613478686e+00
1.300000000000000000e+02 | 7.239461665118666289e+00
1.310000000000000000e+02 | 5.964023528619323500e+00
1.320000000000000000e+02 | 6.120308481569319170e+00
1.330000000000000000e+02 | 4.527274627903652870e+00
1.340000000000000000e+02 | 6.952911276931727613e+00
1.350000000000000000e+02 | 4.986220104704958800e+00
1.360000000000000000e+02 | 7.713168949791525009e+00
1.370000000000000000e+02 | 4.987549512503097304e+00
1.380000000000000000e+02 | 5.604470775994850662e+00
1.390000000000000000e+02 | 6.364262031452586399e+00
1.400000000000000000e+02 | 8.064325406339884594e+00
1.410000000000000000e+02 | 6.284148728585110533e+00
1.420000000000000000e+02 | 5.819581543641099586e+00
1.430000000000000000e+02 | 5.550420047302237592e+00
1.440000000000000000e+02 | 3.692017481963189240e+00
1.450000000000000000e+02 | 3.804709301183679671e+00
1.460000000000000000e+02 | 7.007913117541914261e+00
1.470000000000000000e+02 | 4.137780866074233899e+00
1.480000000000000000e+02 | 5.966147992598893168e+00
1.490000000000000000e+02 | 6.320759525232390708e+00
1.500000000000000000e+02 | 3.921421418137470027e+00
1.510000000000000000e+02 | 6.239559292214492459e+00
1.520000000000000000e+02 | 7.052680925383423727e+00
1.530000000000000000e+02 | 6.189039656568548153e+00
1.540000000000000000e+02 | 8.221887861003237319e+00
1.550000000000000000e+02 | 6.013445590060790380e+00
1.560000000000000000e+02 | 4.392110300468933914e+00
1.570000000000000000e+02 | 8.037248469868622180e+00
1.580000000000000000e+02 | 6.450388548840390257e+00
1.590000000000000000e+02 | 4.230380400745433533e+00
1.600000000000000000e+02 | 7.875460204412631171e+00
1.610000000000000000e+02 | 6.018007260922752621e+00
1.620000000000000000e+02 | 7.060138982857646184e+00
1.630000000000000000e+02 | 7.199322018055198669e+00
1.640000000000000000e+02 | 4.025373034412634610e+00
1.650000000000000000e+02 | 8.333321747833743132e+00
1.660000000000000000e+02 | 4.503578356181602516e+00
1.670000000000000000e+02 | 8.372110786310518193e+00
1.680000000000000000e+02 | 6.381566337725105953e+00
1.690000000000000000e+02 | 4.902728039564726359e+00
1.700000000000000000e+02 | 4.386558533906050883e+00
1.710000000000000000e+02 | 6.943995068844986740e+00
1.720000000000000000e+02 | 8.301760885859444272e+00
1.730000000000000000e+02 | 4.590497990897564939e+00
1.740000000000000000e+02 | 4.378331036957957778e+00
1.750000000000000000e+02 | 6.470719018314315285e+00
1.760000000000000000e+02 | 5.932560041021680775e+00
1.770000000000000000e+02 | 5.863412794731174493e+00
1.780000000000000000e+02 | 4.009038491722806796e+00
1.790000000000000000e+02 | 7.163962659971653935e+00
1.800000000000000000e+02 | 6.958651505046409724e+00
1.810000000000000000e+02 | 5.060177147958747845e+00
1.820000000000000000e+02 | 4.445549451762785154e+00
1.830000000000000000e+02 | 4.914247534836031939e+00
1.840000000000000000e+02 | 6.331217671420676041e+00
1.850000000000000000e+02 | 4.745949863045645145e+00
1.860000000000000000e+02 | 5.483374533735918988e+00
1.870000000000000000e+02 | 5.553584712054207451e+00
1.880000000000000000e+02 | 5.721998906668095408e+00
1.890000000000000000e+02 | 4.965960202494437148e+00
1.900000000000000000e+02 | 7.490107352001062146e+00
1.910000000000000000e+02 | 5.566214726936960844e+00
1.920000000000000000e+02 | 5.787804517069996990e+00
1.930000000000000000e+02 | 7.001379555072977823e+00
1.940000000000000000e+02 | 5.937084379899435049e+00
1.950000000000000000e+02 | 5.784628943207487772e+00
1.960000000000000000e+02 | 5.360082237863057486e+00
1.970000000000000000e+02 | 7.439716874145609893e+00
1.980000000000000000e+02 | 6.877692608872628455e+00
1.990000000000000000e+02 | 6.759491193909431317e+00
2.000000000000000000e+02 | 7.438921489418177657e+00
2.010000000000000000e+02 | 7.927592661724840895e+00
2.020000000000000000e+02 | 8.327573203578333860e+00
2.030000000000000000e+02 | 7.407864670327953149e+00
2.040000000000000000e+02 | 7.334695988473299622e+00
2.050000000000000000e+02 | 7.322330984243173191e+00
2.060000000000000000e+02 | 6.730811060164972659e+00
2.070000000000000000e+02 | 7.035388611238099443e+00
2.080000000000000000e+02 | 6.612287300853757266e+00
2.090000000000000000e+02 | 7.173253737976812872e+00
2.100000000000000000e+02 | 7.538251159823992076e+00
2.110000000000000000e+02 | 5.756157320931238885e+00
2.120000000000000000e+02 | 8.683082788906613558e+00
2.130000000000000000e+02 | 7.722597502986332962e+00
2.140000000000000000e+02 | 6.417418132155590982e+00
2.150000000000000000e+02 | 8.344852951314610578e+00
2.160000000000000000e+02 | 9.045609640726439693e+00
2.170000000000000000e+02 | 9.280521413905779227e+00
2.180000000000000000e+02 | 5.411565302548237533e+00
2.190000000000000000e+02 | 4.799007783095690982e+00
2.200000000000000000e+02 | 6.811340260641945754e+00
2.210000000000000000e+02 | 8.061292380035597560e+00
2.220000000000000000e+02 | 7.697286662800093993e+00
2.230000000000000000e+02 | 7.728971634103903199e+00
2.240000000000000000e+02 | 7.711380774710944408e+00
2.250000000000000000e+02 | 7.072334784416948850e+00
2.260000000000000000e+02 | 8.626855330950645495e+00
2.270000000000000000e+02 | 6.630679057836475820e+00
2.280000000000000000e+02 | 7.005393966938022743e+00
2.290000000000000000e+02 | 8.524892530855776585e+00
2.300000000000000000e+02 | 9.575918721186358340e+00
2.310000000000000000e+02 | 8.489197458063504342e+00
2.320000000000000000e+02 | 8.337793835057176750e+00
2.330000000000000000e+02 | 5.999359847398382684e+00
2.340000000000000000e+02 | 8.756141409836491363e+00
2.350000000000000000e+02 | 8.885606158400982224e+00
2.360000000000000000e+02 | 7.710959100447523085e+00
2.370000000000000000e+02 | 6.192762379657878569e+00
2.380000000000000000e+02 | 8.377159252662076838e+00
2.390000000000000000e+02 | 7.691426403546905988e+00
2.400000000000000000e+02 | 9.043002336334629021e+00
2.410000000000000000e+02 | 5.616411554596306033e+00
2.420000000000000000e+02 | 7.302435822091548623e+00
2.430000000000000000e+02 | 7.442007686972027081e+00
2.440000000000000000e+02 | 7.684631283675212643e+00
2.450000000000000000e+02 | 9.478030848436286959e+00
2.460000000000000000e+02 | 5.832009132206204427e+00
2.470000000000000000e+02 | 8.732710419685179914e+00
2.480000000000000000e+02 | 8.791756073859636089e+00
2.490000000000000000e+02 | 6.460632260251265357e+00
2.500000000000000000e+02 | 8.293401972755130913e+00
2.510000000000000000e+02 | 9.278065819605235021e+00
2.520000000000000000e+02 | 7.867764984023413177e+00
2.530000000000000000e+02 | 7.713926736885502677e+00
2.540000000000000000e+02 | 7.879394379975042995e+00
2.550000000000000000e+02 | 6.466176324693171829e+00
2.560000000000000000e+02 | 9.596034858377032961e+00
2.570000000000000000e+02 | 8.873881533736751592e+00
2.580000000000000000e+02 | 9.803778128630810329e+00
2.590000000000000000e+02 | 7.287878638931053032e+00
2.600000000000000000e+02 | 9.918755856073540045e+00
2.610000000000000000e+02 | 9.155032948163537299e+00
2.620000000000000000e+02 | 7.146781674996063316e+00
2.630000000000000000e+02 | 7.154824114391201917e+00
2.640000000000000000e+02 | 9.554268581984565856e+00
2.650000000000000000e+02 | 1.017013844589571647e+01
2.660000000000000000e+02 | 7.912602046694404478e+00
2.670000000000000000e+02 | 6.848997631536327013e+00
2.680000000000000000e+02 | 8.083018174308495674e+00
2.690000000000000000e+02 | 1.082540078766148994e+01
2.700000000000000000e+02 | 6.656817847463057269e+00
2.710000000000000000e+02 | 7.780552326302791144e+00
2.720000000000000000e+02 | 1.064282853571085496e+01
2.730000000000000000e+02 | 8.615733328454886930e+00
2.740000000000000000e+02 | 1.101455207258996793e+01
2.750000000000000000e+02 | 8.135300561293300703e+00
2.760000000000000000e+02 | 8.927729885562131429e+00
2.770000000000000000e+02 | 9.726045853380913542e+00
2.780000000000000000e+02 | 8.936081183881343648e+00
2.790000000000000000e+02 | 8.654506057469776081e+00
2.800000000000000000e+02 | 8.201452122626292862e+00
2.810000000000000000e+02 | 1.126202021634757244e+01
2.820000000000000000e+02 | 1.131199519278422905e+01
2.830000000000000000e+02 | 8.782220406344043440e+00
2.840000000000000000e+02 | 9.226835214568163579e+00
2.850000000000000000e+02 | 8.978487858722681736e+00
2.860000000000000000e+02 | 9.911971255653536872e+00
2.870000000000000000e+02 | 9.605173680365290068e+00
2.880000000000000000e+02 | 7.868783466035994323e+00
2.890000000000000000e+02 | 1.107664040247417958e+01
2.900000000000000000e+02 | 8.775456638724058678e+00
2.910000000000000000e+02 | 9.702010145298984867e+00
2.920000000000000000e+02 | 7.469433684361396431e+00
2.930000000000000000e+02 | 7.830814093810954724e+00
2.940000000000000000e+02 | 1.169638273866058853e+01
2.950000000000000000e+02 | 8.316918739414163042e+00
2.960000000000000000e+02 | 1.005153689383710969e+01
2.970000000000000000e+02 | 8.569113030068287173e+00
2.980000000000000000e+02 | 9.097169985754609556e+00
2.990000000000000000e+02 | 9.257509609235082593e+00
3.000000000000000000e+02 | 1.197741874281205909e+01
3.010000000000000000e+02 | 9.678333030902296130e+00
3.020000000000000000e+02 | 1.070367817671373345e+01
3.030000000000000000e+02 | 8.149432444745055903e+00
3.040000000000000000e+02 | 1.140622418101933633e+01
3.050000000000000000e+02 | 8.859787076353928370e+00
3.060000000000000000e+02 | 9.184783462270280197e+00
3.070000000000000000e+02 | 8.476902026278830604e+00
3.080000000000000000e+02 | 1.009984869824342013e+01
3.090000000000000000e+02 | 8.469648892602331003e+00
3.100000000000000000e+02 | 1.212668658842718727e+01
3.110000000000000000e+02 | 1.012260311102690657e+01
3.120000000000000000e+02 | 1.275718329861239297e+01
3.130000000000000000e+02 | 8.748466881634382020e+00
3.140000000000000000e+02 | 1.313476906040146375e+01
3.150000000000000000e+02 | 1.000213547634190370e+01
3.160000000000000000e+02 | 1.303231766149303894e+01
3.170000000000000000e+02 | 1.050731657581910206e+01
3.180000000000000000e+02 | 9.314429857050221528e+00
3.190000000000000000e+02 | 1.039426422328632427e+01
3.200000000000000000e+02 | 1.145388018084419990e+01
3.210000000000000000e+02 | 1.046080613615329646e+01
3.220000000000000000e+02 | 9.362456699270319760e+00
3.230000000000000000e+02 | 1.265985655172697832e+01
3.240000000000000000e+02 | 9.909472205285805302e+00
3.250000000000000000e+02 | 1.003897514209813480e+01
3.260000000000000000e+02 | 1.209283111473878947e+01
3.270000000000000000e+02 | 9.798411204523056028e+00
3.280000000000000000e+02 | 1.017695466082620825e+01
3.290000000000000000e+02 | 1.125196108474987255e+01
3.300000000000000000e+02 | 9.672008689962952488e+00
3.310000000000000000e+02 | 1.367413687029078595e+01
3.320000000000000000e+02 | 1.148760626596773982e+01
3.330000000000000000e+02 | 1.426601470666880900e+01
3.340000000000000000e+02 | 1.071465827025422435e+01
3.350000000000000000e+02 | 1.439776205306454493e+01
3.360000000000000000e+02 | 1.036932609965389318e+01
3.370000000000000000e+02 | 1.272806380624093592e+01
3.380000000000000000e+02 | 1.164785510206318619e+01
3.390000000000000000e+02 | 1.217675254639395988e+01
3.400000000000000000e+02 | 1.257231379066172394e+01
3.410000000000000000e+02 | 1.196335088474249275e+01
3.420000000000000000e+02 | 1.217937763568202492e+01
3.430000000000000000e+02 | 1.122714936470100788e+01
3.440000000000000000e+02 | 1.241922169894527705e+01
3.450000000000000000e+02 | 1.446783809443639335e+01
3.460000000000000000e+02 | 1.249473615617156419e+01
3.470000000000000000e+02 | 1.357911612209194629e+01
3.480000000000000000e+02 | 1.129460259662790378e+01
3.490000000000000000e+02 | 1.402599054605276585e+01
3.500000000000000000e+02 | 1.290930019461917588e+01
3.510000000000000000e+02 | 1.147431635735833844e+01
3.520000000000000000e+02 | 1.269382997565011983e+01
3.530000000000000000e+02 | 1.510943505796149111e+01
3.540000000000000000e+02 | 1.316807164460526991e+01
3.550000000000000000e+02 | 1.503693032083710257e+01
3.560000000000000000e+02 | 1.526461480723372333e+01
3.570000000000000000e+02 | 1.311226841322744185e+01
3.580000000000000000e+02 | 1.589883215016002183e+01
3.590000000000000000e+02 | 1.361066318729434776e+01
3.600000000000000000e+02 | 1.429724978818655323e+01
3.610000000000000000e+02 | 1.310645474712542580e+01
3.620000000000000000e+02 | 1.388233914743325847e+01
3.630000000000000000e+02 | 1.664498194019511246e+01
3.640000000000000000e+02 | 1.448768455654053966e+01
3.650000000000000000e+02 | 1.652966479570298475e+01
3.660000000000000000e+02 | 1.371937850423798722e+01
3.670000000000000000e+02 | 1.610799305080955079e+01
3.680000000000000000e+02 | 1.490382412384648347e+01
3.690000000000000000e+02 | 1.444063512032655794e+01
3.700000000000000000e+02 | 1.334710477875027479e+01
3.710000000000000000e+02 | 1.528673931487610460e+01
3.720000000000000000e+02 | 1.657008519402791791e+01
3.730000000000000000e+02 | 1.619284887338505996e+01
3.740000000000000000e+02 | 1.454725314600572439e+01
3.750000000000000000e+02 | 1.753019782786680025e+01
3.760000000000000000e+02 | 1.667563595721215108e+01
3.770000000000000000e+02 | 1.755964023660366635e+01
3.780000000000000000e+02 | 1.670799346335605762e+01
3.790000000000000000e+02 | 1.595424384743438218e+01
3.800000000000000000e+02 | 1.425173284453590838e+01
3.810000000000000000e+02 | 1.525661321618199118e+01
3.820000000000000000e+02 | 1.812551950795823075e+01
3.830000000000000000e+02 | 1.748144523329242261e+01
3.840000000000000000e+02 | 1.755124409945794639e+01
3.850000000000000000e+02 | 1.750417453517087907e+01
3.860000000000000000e+02 | 1.653763899717474217e+01
3.870000000000000000e+02 | 1.795343522583035423e+01
3.880000000000000000e+02 | 1.733751753070731283e+01
3.890000000000000000e+02 | 1.687929408445061341e+01
3.900000000000000000e+02 | 1.942554951019283038e+01
3.910000000000000000e+02 | 1.796803224122827203e+01
3.920000000000000000e+02 | 1.742936182067199624e+01
3.930000000000000000e+02 | 1.986702983279410262e+01
3.940000000000000000e+02 | 1.833039822629692850e+01
3.950000000000000000e+02 | 1.756580427358218799e+01
3.960000000000000000e+02 | 1.747410421996542240e+01
3.970000000000000000e+02 | 1.779323146482474627e+01
3.980000000000000000e+02 | 1.875278442364621156e+01
3.990000000000000000e+02 | 1.648618723074445569e+01
4.000000000000000000e+02 | 2.048222193493945298e+01
4.010000000000000000e+02 | 1.739498319469429788e+01
4.020000000000000000e+02 | 1.941750664193843789e+01
4.030000000000000000e+02 | 1.924640618480094645e+01
4.040000000000000000e+02 | 2.026789452544978332e+01
4.050000000000000000e+02 | 1.759364891598791303e+01
4.060000000000000000e+02 | 1.962450885995701810e+01
4.070000000000000000e+02 | 1.842299313122178717e+01
4.080000000000000000e+02 | 1.720753265461666714e+01
4.090000000000000000e+02 | 2.035614151276686101e+01
4.100000000000000000e+02 | 1.880596385549744554e+01
4.110000000000000000e+02 | 1.773507440323502848e+01
4.120000000000000000e+02 | 1.811461915284251134e+01
4.130000000000000000e+02 | 1.912442261887330730e+01
4.140000000000000000e+02 | 2.145604005184931040e+01
4.150000000000000000e+02 | 2.259612312211481111e+01
4.160000000000000000e+02 | 2.064289956223221978e+01
4.170000000000000000e+02 | 1.966977188885340411e+01
4.180000000000000000e+02 | 1.887288032994826636e+01
4.190000000000000000e+02 | 2.193603860348892454e+01
4.200000000000000000e+02 | 1.943062952992696069e+01
4.210000000000000000e+02 | 2.138804678414781790e+01
4.220000000000000000e+02 | 1.925957395575836983e+01
4.230000000000000000e+02 | 2.222895576118514072e+01
4.240000000000000000e+02 | 2.319463477579373745e+01
4.250000000000000000e+02 | 2.110398560476328456e+01
4.260000000000000000e+02 | 2.178797594431384965e+01
4.270000000000000000e+02 | 2.185674478003420873e+01
4.280000000000000000e+02 | 2.086741685050580486e+01
4.290000000000000000e+02 | 2.127527866172369642e+01
4.300000000000000000e+02 | 2.286515706003550008e+01
4.310000000000000000e+02 | 2.355751192963437646e+01
4.320000000000000000e+02 | 2.386766507000720594e+01
4.330000000000000000e+02 | 2.246057287998439023e+01
4.340000000000000000e+02 | 2.174353533949598472e+01
4.350000000000000000e+02 | 2.213949066014986400e+01
4.360000000000000000e+02 | 2.356743444704541446e+01
4.370000000000000000e+02 | 2.211418723787359397e+01
4.380000000000000000e+02 | 2.208307847420952186e+01
4.390000000000000000e+02 | 2.220897475958349432e+01
4.400000000000000000e+02 | 2.348855233869333148e+01
4.410000000000000000e+02 | 2.368216664253572290e+01
4.420000000000000000e+02 | 2.322742384348261879e+01
4.430000000000000000e+02 | 2.625706756789037044e+01
4.440000000000000000e+02 | 2.408913148803586068e+01
4.450000000000000000e+02 | 2.354152616115139907e+01
4.460000000000000000e+02 | 2.555195644077569384e+01
4.470000000000000000e+02 | 2.304009201322464406e+01
4.480000000000000000e+02 | 2.697633115193719178e+01
4.490000000000000000e+02 | 2.720349350285313506e+01
4.500000000000000000e+02 | 2.339905001729727019e+01
4.510000000000000000e+02 | 2.609459717886064212e+01
4.520000000000000000e+02 | 2.531945881160712375e+01
4.530000000000000000e+02 | 2.571809313601804803e+01
4.540000000000000000e+02 | 2.697994787459867538e+01
4.550000000000000000e+02 | 2.614656057584126359e+01
4.560000000000000000e+02 | 2.636716650974318554e+01
4.570000000000000000e+02 | 2.608639760023874388e+01
4.580000000000000000e+02 | 2.809834180616367760e+01
4.590000000000000000e+02 | 2.483003009200446698e+01
4.600000000000000000e+02 | 2.898814461455524594e+01
4.610000000000000000e+02 | 2.472449317709411787e+01
4.620000000000000000e+02 | 2.905166975863810919e+01
4.630000000000000000e+02 | 2.590564050225526671e+01
4.640000000000000000e+02 | 2.605692712343340034e+01
4.650000000000000000e+02 | 2.845598891550002207e+01
4.660000000000000000e+02 | 2.772964338255420813e+01
4.670000000000000000e+02 | 2.939489943302998043e+01
4.680000000000000000e+02 | 2.978969078402892734e+01
4.690000000000000000e+02 | 2.963618348021973858e+01
4.700000000000000000e+02 | 2.690105902568966201e+01
4.710000000000000000e+02 | 2.817778587005208379e+01
4.720000000000000000e+02 | 2.817035234940475874e+01
4.730000000000000000e+02 | 2.922792207779114193e+01
4.740000000000000000e+02 | 2.712234081214627324e+01
4.750000000000000000e+02 | 2.940900805394948847e+01
4.760000000000000000e+02 | 2.910992548266532509e+01
4.770000000000000000e+02 | 2.886287272176718233e+01
4.780000000000000000e+02 | 3.098058884899439036e+01
4.790000000000000000e+02 | 2.936608149810317414e+01
4.800000000000000000e+02 | 3.123784130774034651e+01
4.810000000000000000e+02 | 2.956097786481574374e+01
4.820000000000000000e+02 | 3.116814662200162545e+01
4.830000000000000000e+02 | 3.259939564498100850e+01
4.840000000000000000e+02 | 3.051576252510005105e+01
4.850000000000000000e+02 | 3.166184355114667071e+01
4.860000000000000000e+02 | 3.083413787225292779e+01
4.870000000000000000e+02 | 3.159201470035416293e+01
4.880000000000000000e+02 | 3.252979284963780060e+01
4.890000000000000000e+02 | 2.988197983757376264e+01
4.900000000000000000e+02 | 3.339861965367572338e+01
4.910000000000000000e+02 | 3.027329949428305156e+01
4.920000000000000000e+02 | 3.178565308605418593e+01
4.930000000000000000e+02 | 3.093427898332123149e+01
4.940000000000000000e+02 | 3.292725962841784337e+01
4.950000000000000000e+02 | 3.166168806556809656e+01
4.960000000000000000e+02 | 3.285991550779855430e+01
4.970000000000000000e+02 | 3.176642488393687103e+01
4.980000000000000000e+02 | 3.176081880148607439e+01
4.990000000000000000e+02 | 3.486866115826327928e+01
5.000000000000000000e+02 | 3.463500544369879464e+01
5.010000000000000000e+02 | 3.239258712465112211e+01
5.020000000000000000e+02 | 3.380333318510152196e+01
5.030000000000000000e+02 | 3.307904591949556306e+01
5.040000000000000000e+02 | 3.573106550762560119e+01
5.050000000000000000e+02 | 3.635185137412777578e+01
5.060000000000000000e+02 | 3.274076778903153695e+01
5.070000000000000000e+02 | 3.487376871362306474e+01
5.080000000000000000e+02 | 3.400192530621423970e+01
5.090000000000000000e+02 | 3.656964970313977403e+01
5.100000000000000000e+02 | 3.442302301695604427e+01
5.110000000000000000e+02 | 3.660642939771629756e+01
5.120000000000000000e+02 | 3.431772836470342725e+01
5.130000000000000000e+02 | 3.444883447504670215e+01
5.140000000000000000e+02 | 3.732376659053226575e+01
5.150000000000000000e+02 | 3.433558132304126076e+01
5.160000000000000000e+02 | 3.821494897122801149e+01
5.170000000000000000e+02 | 3.538389699559396462e+01
5.180000000000000000e+02 | 3.415646084084656309e+01
5.190000000000000000e+02 | 3.803405367362164924e+01
5.200000000000000000e+02 | 3.499741530008360257e+01
5.210000000000000000e+02 | 3.858758960853984377e+01
5.220000000000000000e+02 | 3.530005042162174078e+01
5.230000000000000000e+02 | 3.742586257857078635e+01
5.240000000000000000e+02 | 3.807879797652863374e+01
5.250000000000000000e+02 | 3.738231181264431768e+01
5.260000000000000000e+02 | 3.725065891790966788e+01
5.270000000000000000e+02 | 3.972220194764984313e+01
5.280000000000000000e+02 | 3.596586738298991293e+01
5.290000000000000000e+02 | 4.027419662018309054e+01
5.300000000000000000e+02 | 3.846742063134522738e+01
5.310000000000000000e+02 | 3.831054804250745605e+01
5.320000000000000000e+02 | 4.079910775870932582e+01
5.330000000000000000e+02 | 3.866147717122089489e+01
5.340000000000000000e+02 | 3.831765872802335338e+01
5.350000000000000000e+02 | 3.830989696953194823e+01
5.360000000000000000e+02 | 3.743685857139044515e+01
5.370000000000000000e+02 | 4.088892994795585878e+01
5.380000000000000000e+02 | 3.828181186809394632e+01
5.390000000000000000e+02 | 4.104693168921171065e+01
5.400000000000000000e+02 | 3.816458079596267794e+01
5.410000000000000000e+02 | 4.178543805732791583e+01
5.420000000000000000e+02 | 4.211704831737793597e+01
5.430000000000000000e+02 | 3.923135831394083795e+01
5.440000000000000000e+02 | 4.007896006498758368e+01
5.450000000000000000e+02 | 4.095588832392201084e+01
5.460000000000000000e+02 | 4.017804871130827138e+01
5.470000000000000000e+02 | 3.980045991195638067e+01
5.480000000000000000e+02 | 4.342649890838814741e+01
5.490000000000000000e+02 | 4.234255856054000589e+01
5.500000000000000000e+02 | 4.267653379852028905e+01
5.510000000000000000e+02 | 4.403551571695988542e+01
5.520000000000000000e+02 | 4.128421120320065540e+01
5.530000000000000000e+02 | 4.146073091933961763e+01
5.540000000000000000e+02 | 4.306391258528771715e+01
5.550000000000000000e+02 | 4.060137597829278633e+01
5.560000000000000000e+02 | 4.188381062024635071e+01
5.570000000000000000e+02 | 4.251807140444123689e+01
5.580000000000000000e+02 | 4.171604743474498633e+01
5.590000000000000000e+02 | 4.285318156294778191e+01
5.600000000000000000e+02 | 4.178808162598222253e+01
5.610000000000000000e+02 | 4.375484920605966721e+01
5.620000000000000000e+02 | 4.235870379765430016e+01
5.630000000000000000e+02 | 4.347177308814397634e+01
5.640000000000000000e+02 | 4.346406965308437975e+01
5.650000000000000000e+02 | 4.527874202771195655e+01
5.660000000000000000e+02 | 4.302585111225673842e+01
5.670000000000000000e+02 | 4.603847974122533770e+01
5.680000000000000000e+02 | 4.471730555924115436e+01
5.690000000000000000e+02 | 4.581713799534293230e+01
5.700000000000000000e+02 | 4.699278065979888197e+01
5.710000000000000000e+02 | 4.301356458629525292e+01
5.720000000000000000e+02 | 4.327097945727103223e+01
5.730000000000000000e+02 | 4.499798404211263403e+01
5.740000000000000000e+02 | 4.776759379877928779e+01
5.750000000000000000e+02 | 4.488878726314251111e+01
5.760000000000000000e+02 | 4.774488564220977338e+01
5.770000000000000000e+02 | 4.638070537738661869e+01
5.780000000000000000e+02 | 4.756318612597032569e+01
5.790000000000000000e+02 | 4.575695125744744729e+01
5.800000000000000000e+02 | 4.824578916418466434e+01
5.810000000000000000e+02 | 4.599676954458341527e+01
5.820000000000000000e+02 | 4.803875548342870871e+01
5.830000000000000000e+02 | 4.936489578996866356e+01
5.840000000000000000e+02 | 4.698987029477891753e+01
5.850000000000000000e+02 | 4.699936020052128782e+01
5.860000000000000000e+02 | 4.799494535731670908e+01
5.870000000000000000e+02 | 4.821092861460318346e+01
5.880000000000000000e+02 | 4.726570912995116203e+01
5.890000000000000000e+02 | 4.797985127441735642e+01
5.900000000000000000e+02 | 4.957024014772549236e+01
5.910000000000000000e+02 | 4.774956057369545448e+01
5.920000000000000000e+02 | 4.806304487407749804e+01
5.930000000000000000e+02 | 4.944854346309853810e+01
5.940000000000000000e+02 | 4.800299342093055088e+01
5.950000000000000000e+02 | 4.916815688374869353e+01
5.960000000000000000e+02 | 5.018724837111025749e+01
5.970000000000000000e+02 | 4.709799691707038960e+01
5.980000000000000000e+02 | 5.085453408167297340e+01
5.990000000000000000e+02 | 5.163509779033792313e+01
6.000000000000000000e+02 | 4.919079826240282216e+01
6.010000000000000000e+02 | 4.822624058042718787e+01
6.020000000000000000e+02 | 5.171357556679534184e+01
6.030000000000000000e+02 | 5.039576204293624073e+01
6.040000000000000000e+02 | 5.047280487953977968e+01
6.050000000000000000e+02 | 5.182455365318504192e+01
6.060000000000000000e+02 | 5.008577164406190008e+01
6.070000000000000000e+02 | 4.959911514874547578e+01
6.080000000000000000e+02 | 4.917065504124184372e+01
6.090000000000000000e+02 | 5.252424176518660914e+01
6.100000000000000000e+02 | 4.894203914931465960e+01
6.110000000000000000e+02 | 5.006034143399706693e+01
6.120000000000000000e+02 | 5.056674609027126621e+01
6.130000000000000000e+02 | 5.093449220476576045e+01
6.140000000000000000e+02 | 5.012013679952195133e+01
6.150000000000000000e+02 | 5.304280066921983661e+01
6.160000000000000000e+02 | 5.321669535663014727e+01
6.170000000000000000e+02 | 5.319590835087981162e+01
6.180000000000000000e+02 | 5.238477818042360212e+01
6.190000000000000000e+02 | 5.300701863476047748e+01
6.200000000000000000e+02 | 5.073904262470323090e+01
6.210000000000000000e+02 | 5.186079265843029162e+01
6.220000000000000000e+02 | 5.206272046277710075e+01
6.230000000000000000e+02 | 5.354334903181058536e+01
6.240000000000000000e+02 | 5.321125769504359226e+01
6.250000000000000000e+02 | 5.411092072076139203e+01
6.260000000000000000e+02 | 5.301090323366189239e+01
6.270000000000000000e+02 | 5.473163523200268799e+01
6.280000000000000000e+02 | 5.440522379744366077e+01
6.290000000000000000e+02 | 5.435763093207179963e+01
6.300000000000000000e+02 | 5.410271094814182646e+01
6.310000000000000000e+02 | 5.222877320501491027e+01
6.320000000000000000e+02 | 5.494003041708155166e+01
6.330000000000000000e+02 | 5.299795428880960912e+01
6.340000000000000000e+02 | 5.324263643948079050e+01
6.350000000000000000e+02 | 5.601711551952668344e+01
6.360000000000000000e+02 | 5.487467669493421596e+01
6.370000000000000000e+02 | 5.362650326073370621e+01
6.380000000000000000e+02 | 5.577797975782548434e+01
6.390000000000000000e+02 | 5.425998287805077780e+01
6.400000000000000000e+02 | 5.388467363536155119e+01
6.410000000000000000e+02 | 5.357065008947589035e+01
6.420000000000000000e+02 | 5.532094137980767812e+01
6.430000000000000000e+02 | 5.459572425229423231e+01
6.440000000000000000e+02 | 5.602600401739096725e+01
6.450000000000000000e+02 | 5.342839029616687441e+01
6.460000000000000000e+02 | 5.642197198490806898e+01
6.470000000000000000e+02 | 5.608605146032314792e+01
6.480000000000000000e+02 | 5.779633378785145226e+01
6.490000000000000000e+02 | 5.750277992544585715e+01
6.500000000000000000e+02 | 5.566486963728629433e+01
6.510000000000000000e+02 | 5.714601135877865801e+01
6.520000000000000000e+02 | 5.593612759085164754e+01
6.530000000000000000e+02 | 5.824003712040712344e+01
6.540000000000000000e+02 | 5.640990595052058154e+01
6.550000000000000000e+02 | 5.612776821465710952e+01
6.560000000000000000e+02 | 5.480658802905202265e+01
6.570000000000000000e+02 | 5.587872492118537338e+01
6.580000000000000000e+02 | 5.711105851118298915e+01
6.590000000000000000e+02 | 5.619360471887809183e+01
6.600000000000000000e+02 | 5.735208149357324459e+01
6.610000000000000000e+02 | 5.651097910363279908e+01
6.620000000000000000e+02 | 5.713025042278552945e+01
6.630000000000000000e+02 | 5.526461756246741430e+01
6.640000000000000000e+02 | 5.914683606152728856e+01
6.650000000000000000e+02 | 5.963982444552254236e+01
6.660000000000000000e+02 | 5.550152367544469456e+01
6.670000000000000000e+02 | 5.826138149614148176e+01
6.680000000000000000e+02 | 5.727398076354867840e+01
6.690000000000000000e+02 | 5.849132159455204771e+01
6.700000000000000000e+02 | 6.027341288029237631e+01
6.710000000000000000e+02 | 5.779827071191482446e+01
6.720000000000000000e+02 | 6.022853636983114711e+01
6.730000000000000000e+02 | 5.862800826320816583e+01
6.740000000000000000e+02 | 5.738023114366448851e+01
6.750000000000000000e+02 | 6.075369200699376648e+01
6.760000000000000000e+02 | 5.889098134162635034e+01
6.770000000000000000e+02 | 6.070907565290924879e+01
6.780000000000000000e+02 | 5.900312562576214503e+01
6.790000000000000000e+02 | 6.081995739104506526e+01
6.800000000000000000e+02 | 6.051006431104503491e+01
6.810000000000000000e+02 | 6.047895059937793150e+01
6.820000000000000000e+02 | 6.056825471629898772e+01
6.830000000000000000e+02 | 6.149280449400695403e+01
6.840000000000000000e+02 | 5.917950837714057855e+01
6.850000000000000000e+02 | 6.177932533070751475e+01
6.860000000000000000e+02 | 6.117437517469411290e+01
6.870000000000000000e+02 | 5.998458165856171576e+01
6.880000000000000000e+02 | 6.083131889062663333e+01
6.890000000000000000e+02 | 6.008793556327916008e+01
6.900000000000000000e+02 | 6.105210785738616153e+01
6.910000000000000000e+02 | 6.030058638493287049e+01
6.920000000000000000e+02 | 5.860586629448774687e+01
6.930000000000000000e+02 | 6.233402874919193692e+01
6.940000000000000000e+02 | 6.029174310323522690e+01
6.950000000000000000e+02 | 6.123406387288848407e+01
6.960000000000000000e+02 | 5.900043804541107306e+01
6.970000000000000000e+02 | 5.837847781813380266e+01
6.980000000000000000e+02 | 5.909471876714728467e+01
6.990000000000000000e+02 | 5.929332824540198033e+01
7.000000000000000000e+02 | 6.257851659999116833e+01
7.010000000000000000e+02 | 6.227861700231287045e+01
7.020000000000000000e+02 | 5.947224464559069190e+01
7.030000000000000000e+02 | 6.160502303741881747e+01
7.040000000000000000e+02 | 5.996418529769061223e+01
7.050000000000000000e+02 | 6.347952018271484320e+01
7.060000000000000000e+02 | 6.148350409442988251e+01
7.070000000000000000e+02 | 6.327150202761293230e+01
7.080000000000000000e+02 | 6.321613792758544292e+01
7.090000000000000000e+02 | 6.044686221986900421e+01
7.100000000000000000e+02 | 6.296809361169403019e+01
7.110000000000000000e+02 | 5.944730615695195297e+01
7.120000000000000000e+02 | 6.346730477533458270e+01
7.130000000000000000e+02 | 6.386156038387173339e+01
7.140000000000000000e+02 | 6.042545238229926952e+01
7.150000000000000000e+02 | 6.165691672217874242e+01
7.160000000000000000e+02 | 5.978902858984723423e+01
7.170000000000000000e+02 | 6.061947709510754123e+01
7.180000000000000000e+02 | 6.115607227301974547e+01
7.190000000000000000e+02 | 6.236743702929064170e+01
7.200000000000000000e+02 | 6.375968925607185156e+01
7.210000000000000000e+02 | 6.205222500854291212e+01
7.220000000000000000e+02 | 6.353871457655962729e+01
7.230000000000000000e+02 | 6.321338744587810510e+01
7.240000000000000000e+02 | 6.078675078057413117e+01
7.250000000000000000e+02 | 6.306105011260599014e+01
7.260000000000000000e+02 | 6.486035377000725077e+01
7.270000000000000000e+02 | 6.297071209990142648e+01
7.280000000000000000e+02 | 6.114365377530244672e+01
7.290000000000000000e+02 | 6.339942723463403951e+01
7.300000000000000000e+02 | 6.071674227865238294e+01
7.310000000000000000e+02 | 6.452689338403236263e+01
7.320000000000000000e+02 | 6.395706220646427909e+01
7.330000000000000000e+02 | 6.250224093531430469e+01
7.340000000000000000e+02 | 6.370471937497353565e+01
7.350000000000000000e+02 | 6.157918255773027028e+01
7.360000000000000000e+02 | 6.464002196849344273e+01
7.370000000000000000e+02 | 6.453277862029952416e+01
7.380000000000000000e+02 | 6.240565862954316145e+01
7.390000000000000000e+02 | 6.435789910957046800e+01
7.400000000000000000e+02 | 6.207549870422614902e+01
7.410000000000000000e+02 | 6.551338444818034645e+01
7.420000000000000000e+02 | 6.343209683460806758e+01
7.430000000000000000e+02 | 6.566784013219800897e+01
7.440000000000000000e+02 | 6.431160602658293612e+01
7.450000000000000000e+02 | 6.311885973006863537e+01
7.460000000000000000e+02 | 6.464682723952184062e+01
7.470000000000000000e+02 | 6.223281723341256111e+01
7.480000000000000000e+02 | 6.250820585877765723e+01
7.490000000000000000e+02 | 6.421256002359434945e+01
7.500000000000000000e+02 | 6.572225590540308815e+01
7.510000000000000000e+02 | 6.224027381825139571e+01
7.520000000000000000e+02 | 6.224802279436278241e+01
7.530000000000000000e+02 | 6.285012263833756663e+01
7.540000000000000000e+02 | 6.475454823982343555e+01
7.550000000000000000e+02 | 6.610217415351813486e+01
7.560000000000000000e+02 | 6.574975838778357229e+01
7.570000000000000000e+02 | 6.234573331337698932e+01
7.580000000000000000e+02 | 6.568775536688639249e+01
7.590000000000000000e+02 | 6.420706509712391608e+01
7.600000000000000000e+02 | 6.370168645915052963e+01
7.610000000000000000e+02 | 6.427811186875754856e+01
7.620000000000000000e+02 | 6.297782260789035291e+01
7.630000000000000000e+02 | 6.559549493694638045e+01
7.640000000000000000e+02 | 6.304694157749317895e+01
7.650000000000000000e+02 | 6.511749473066078053e+01
7.660000000000000000e+02 | 6.315149472956211696e+01
7.670000000000000000e+02 | 6.365724349406432481e+01
7.680000000000000000e+02 | 6.315610635975185261e+01
7.690000000000000000e+02 | 6.288816422140109097e+01
7.700000000000000000e+02 | 6.306929500383249376e+01
7.710000000000000000e+02 | 6.610728949623742778e+01
7.720000000000000000e+02 | 6.369575859881999236e+01
7.730000000000000000e+02 | 6.385083917691609656e+01
7.740000000000000000e+02 | 6.614891043178299412e+01
7.750000000000000000e+02 | 6.557487871237472632e+01
7.760000000000000000e+02 | 6.432551686786412404e+01
7.770000000000000000e+02 | 6.364280291563223102e+01
7.780000000000000000e+02 | 6.492946648109534635e+01
7.790000000000000000e+02 | 6.479057056809851645e+01
7.800000000000000000e+02 | 6.653754146239832323e+01
7.810000000000000000e+02 | 6.546148176044823686e+01
7.820000000000000000e+02 | 6.602100403781170712e+01
7.830000000000000000e+02 | 6.731154162499642268e+01
7.840000000000000000e+02 | 6.742266441944826738e+01
7.850000000000000000e+02 | 6.458668563696407716e+01
7.860000000000000000e+02 | 6.599536798883244160e+01
7.870000000000000000e+02 | 6.790870566928558105e+01
7.880000000000000000e+02 | 6.380158836696540448e+01
7.890000000000000000e+02 | 6.567058475216003899e+01
7.900000000000000000e+02 | 6.814271522063742736e+01
7.910000000000000000e+02 | 6.483875574060077440e+01
7.920000000000000000e+02 | 6.691001363500176069e+01
7.930000000000000000e+02 | 6.461782466279201742e+01
7.940000000000000000e+02 | 6.637469266823713099e+01
7.950000000000000000e+02 | 6.462258028877158722e+01
7.960000000000000000e+02 | 6.513749816924563163e+01
7.970000000000000000e+02 | 6.640626979581548994e+01
7.980000000000000000e+02 | 6.565650494525600323e+01
7.990000000000000000e+02 | 6.560741296991432137e+01
8.000000000000000000e+02 | 6.439685203814512704e+01
8.010000000000000000e+02 | 6.615109887581023429e+01
8.020000000000000000e+02 | 6.848312345966969872e+01
8.030000000000000000e+02 | 6.630911231028601094e+01
8.040000000000000000e+02 | 6.776844526000124347e+01
8.050000000000000000e+02 | 6.773409308822843400e+01
8.060000000000000000e+02 | 6.883710130820026052e+01
8.070000000000000000e+02 | 6.783387561821656675e+01
8.080000000000000000e+02 | 6.765908436878258669e+01
8.090000000000000000e+02 | 6.832468475242487216e+01
8.100000000000000000e+02 | 6.630957333461923042e+01
8.110000000000000000e+02 | 6.679486715733497704e+01
8.120000000000000000e+02 | 6.717527616610384200e+01
8.130000000000000000e+02 | 6.817257666947745065e+01
8.140000000000000000e+02 | 6.734275185279466314e+01
8.150000000000000000e+02 | 6.502536614018254113e+01
8.160000000000000000e+02 | 6.788964474065632260e+01
8.170000000000000000e+02 | 6.772778929570385742e+01
8.180000000000000000e+02 | 6.490534892200400918e+01
8.190000000000000000e+02 | 6.832647955166649467e+01
8.200000000000000000e+02 | 6.553099437459366072e+01
8.210000000000000000e+02 | 6.864769004002970121e+01
8.220000000000000000e+02 | 6.893885856807905554e+01
8.230000000000000000e+02 | 6.720376432700439295e+01
8.240000000000000000e+02 | 6.885292181488786412e+01
8.250000000000000000e+02 | 6.595835869403448726e+01
8.260000000000000000e+02 | 6.698042487403273526e+01
8.270000000000000000e+02 | 6.689495470280269274e+01
8.280000000000000000e+02 | 6.711039646434566919e+01
8.290000000000000000e+02 | 6.700150659702622136e+01
8.300000000000000000e+02 | 6.852094737730767804e+01
8.310000000000000000e+02 | 6.532503494950242384e+01
8.320000000000000000e+02 | 6.774170048293312618e+01
8.330000000000000000e+02 | 6.701262993492566977e+01
8.340000000000000000e+02 | 6.919555378186817052e+01
8.350000000000000000e+02 | 6.521287406190904790e+01
8.360000000000000000e+02 | 6.916318917849513070e+01
8.370000000000000000e+02 | 6.846268339331663810e+01
8.380000000000000000e+02 | 6.687619403202567980e+01
8.390000000000000000e+02 | 6.587074860689952516e+01
8.400000000000000000e+02 | 6.879329125580164828e+01
8.410000000000000000e+02 | 6.798934674290451596e+01
8.420000000000000000e+02 | 6.972448029770107780e+01
8.430000000000000000e+02 | 6.874617327227421981e+01
8.440000000000000000e+02 | 6.776328805872981320e+01
8.450000000000000000e+02 | 6.769054876562185541e+01
8.460000000000000000e+02 | 6.579085816057053648e+01
8.470000000000000000e+02 | 6.833107096813377268e+01
8.480000000000000000e+02 | 6.628752146439086346e+01
8.490000000000000000e+02 | 6.619253058735623085e+01
8.500000000000000000e+02 | 6.789929199125246839e+01
8.510000000000000000e+02 | 6.610500815718098977e+01
8.520000000000000000e+02 | 6.914693668796459747e+01
8.530000000000000000e+02 | 6.826733690411336397e+01
8.540000000000000000e+02 | 6.656130367648403023e+01
8.550000000000000000e+02 | 6.737851690284064432e+01
8.560000000000000000e+02 | 6.563284178025327265e+01
8.570000000000000000e+02 | 6.880172208723756455e+01
8.580000000000000000e+02 | 6.828865406271535221e+01
8.590000000000000000e+02 | 6.756194326117771709e+01
8.600000000000000000e+02 | 6.732811846623428664e+01
8.610000000000000000e+02 | 6.661437657626890996e+01
8.620000000000000000e+02 | 6.658452743845884925e+01
8.630000000000000000e+02 | 6.629987840047851932e+01
8.640000000000000000e+02 | 7.020658938867035204e+01
8.650000000000000000e+02 | 6.937648112083732599e+01
8.660000000000000000e+02 | 7.028637127570502230e+01
8.670000000000000000e+02 | 6.635826868353318275e+01
8.680000000000000000e+02 | 6.788125243189512048e+01
8.690000000000000000e+02 | 6.583298226233756623e+01
8.700000000000000000e+02 | 6.683783039081262700e+01
8.710000000000000000e+02 | 6.913776509122743619e+01
8.720000000000000000e+02 | 6.921621672622819688e+01
8.730000000000000000e+02 | 6.996128193394311268e+01
8.740000000000000000e+02 | 6.778317862136339045e+01
8.750000000000000000e+02 | 6.911078677980172813e+01
8.760000000000000000e+02 | 6.636410984535258706e+01
8.770000000000000000e+02 | 6.698859502702677560e+01
8.780000000000000000e+02 | 6.779985823519989196e+01
8.790000000000000000e+02 | 6.975698808213196855e+01
8.800000000000000000e+02 | 6.852630033657339936e+01
8.810000000000000000e+02 | 6.873290457042216417e+01
8.820000000000000000e+02 | 6.788981492244178639e+01
8.830000000000000000e+02 | 6.893495309387171233e+01
8.840000000000000000e+02 | 7.029108165431861721e+01
8.850000000000000000e+02 | 6.670923146678788385e+01
8.860000000000000000e+02 | 6.974400509466350684e+01
8.870000000000000000e+02 | 6.977112276293898674e+01
8.880000000000000000e+02 | 6.868619264874691055e+01
8.890000000000000000e+02 | 6.864401938034555428e+01
8.900000000000000000e+02 | 6.752030327268111876e+01
8.910000000000000000e+02 | 6.820583159611240376e+01
8.920000000000000000e+02 | 6.795230132959204639e+01
8.930000000000000000e+02 | 6.917011688908048939e+01
8.940000000000000000e+02 | 6.918898186344723911e+01
8.950000000000000000e+02 | 6.918130050240768014e+01
8.960000000000000000e+02 | 6.997247471858358381e+01
8.970000000000000000e+02 | 6.758657015202486207e+01
8.980000000000000000e+02 | 7.038865636492411682e+01
8.990000000000000000e+02 | 6.642057807594788699e+01
9.000000000000000000e+02 | 7.034092430492512449e+01
9.010000000000000000e+02 | 6.748785303561932380e+01
9.020000000000000000e+02 | 6.721154020635808024e+01
9.030000000000000000e+02 | 6.871768980343763644e+01
9.040000000000000000e+02 | 6.855002940313451631e+01
9.050000000000000000e+02 | 7.036677449307836696e+01
9.060000000000000000e+02 | 6.780987511875615326e+01
9.070000000000000000e+02 | 6.723549024346839076e+01
9.080000000000000000e+02 | 7.040763523435710169e+01
9.090000000000000000e+02 | 6.776976985450438917e+01
9.100000000000000000e+02 | 6.807361774012491651e+01
9.110000000000000000e+02 | 6.745913258814732671e+01
9.120000000000000000e+02 | 6.667484149065555243e+01
9.130000000000000000e+02 | 6.689133819123848923e+01
9.140000000000000000e+02 | 6.782568677135684254e+01
9.150000000000000000e+02 | 7.049127755866095413e+01
9.160000000000000000e+02 | 6.875491588334102744e+01
9.170000000000000000e+02 | 7.004931607129381632e+01
9.180000000000000000e+02 | 7.098163110101715745e+01
9.190000000000000000e+02 | 7.107022354211099469e+01
9.200000000000000000e+02 | 7.039692544514335282e+01
9.210000000000000000e+02 | 6.869377919201049565e+01
9.220000000000000000e+02 | 6.835138443990567225e+01
9.230000000000000000e+02 | 6.969166896655265475e+01
9.240000000000000000e+02 | 6.814877565415457639e+01
9.250000000000000000e+02 | 7.096049824989667343e+01
9.260000000000000000e+02 | 6.758916415041009884e+01
9.270000000000000000e+02 | 6.841458846674495931e+01
9.280000000000000000e+02 | 6.716805419306894009e+01
9.290000000000000000e+02 | 6.792208188176961414e+01
9.300000000000000000e+02 | 6.771131689651494412e+01
9.310000000000000000e+02 | 7.045993182819408673e+01
9.320000000000000000e+02 | 6.792556934577906702e+01
9.330000000000000000e+02 | 6.731370554712995613e+01
9.340000000000000000e+02 | 6.916561086604814079e+01
9.350000000000000000e+02 | 6.965869198290218378e+01
9.360000000000000000e+02 | 7.028675630695391874e+01
9.370000000000000000e+02 | 6.783972051960847693e+01
9.380000000000000000e+02 | 6.945427992891025326e+01
9.390000000000000000e+02 | 6.847932667601980938e+01
9.400000000000000000e+02 | 6.852672706793947555e+01
9.410000000000000000e+02 | 6.942777712876718965e+01
9.420000000000000000e+02 | 6.865769509377487623e+01
9.430000000000000000e+02 | 6.987588521008427733e+01
9.440000000000000000e+02 | 6.759811864822403038e+01
9.450000000000000000e+02 | 6.862504627504452515e+01
9.460000000000000000e+02 | 6.837918350468635253e+01
9.470000000000000000e+02 | 6.811104609163164980e+01
9.480000000000000000e+02 | 6.837979544926879782e+01
9.490000000000000000e+02 | 6.770632447007074006e+01
9.500000000000000000e+02 | 6.697169289286759408e+01
9.510000000000000000e+02 | 7.097352313192207873e+01
9.520000000000000000e+02 | 6.711489091220821024e+01
9.530000000000000000e+02 | 6.732493797569179605e+01
9.540000000000000000e+02 | 6.880584084746618601e+01
9.550000000000000000e+02 | 6.731241959781402784e+01
9.560000000000000000e+02 | 7.026339334953929949e+01
9.570000000000000000e+02 | 6.951520413508573881e+01
9.580000000000000000e+02 | 6.855074775344175464e+01
9.590000000000000000e+02 | 6.839297517177226382e+01
9.600000000000000000e+02 | 6.785949969192694198e+01
9.610000000000000000e+02 | 6.759377167006239517e+01
9.620000000000000000e+02 | 6.739262150659313022e+01
9.630000000000000000e+02 | 6.805127212411917981e+01
9.640000000000000000e+02 | 6.998164895482173620e+01
9.650000000000000000e+02 | 6.912175256648723121e+01
9.660000000000000000e+02 | 6.708631820885148045e+01
9.670000000000000000e+02 | 7.075775814036032330e+01
9.680000000000000000e+02 | 6.915671241517421208e+01
9.690000000000000000e+02 | 7.084401478462555701e+01
9.700000000000000000e+02 | 6.761374715127254831e+01
9.710000000000000000e+02 | 6.995865803555263085e+01
9.720000000000000000e+02 | 7.038469897823125621e+01
9.730000000000000000e+02 | 7.126630777456848875e+01
9.740000000000000000e+02 | 6.877925171184365638e+01
9.750000000000000000e+02 | 6.780237938791258046e+01
9.760000000000000000e+02 | 6.894086891905301684e+01
9.770000000000000000e+02 | 7.087859016948493718e+01
9.780000000000000000e+02 | 6.824396680485266131e+01
9.790000000000000000e+02 | 6.983049194642507018e+01
9.800000000000000000e+02 | 6.877654082914644107e+01
9.810000000000000000e+02 | 6.814838445641211706e+01
9.820000000000000000e+02 | 6.891249116300333810e+01
9.830000000000000000e+02 | 6.865910262043539092e+01
9.840000000000000000e+02 | 6.905192713114644221e+01
9.850000000000000000e+02 | 6.875311234724119913e+01
9.860000000000000000e+02 | 7.026009075769988499e+01
9.870000000000000000e+02 | 6.802803246567982853e+01
9.880000000000000000e+02 | 6.863665699126772779e+01
9.890000000000000000e+02 | 6.801983337990299106e+01
9.900000000000000000e+02 | 7.037495744757026728e+01
9.910000000000000000e+02 | 6.974514885755399973e+01
9.920000000000000000e+02 | 6.907625244038148082e+01
9.930000000000000000e+02 | 6.789967200528890601e+01
9.940000000000000000e+02 | 6.931687219962900315e+01
9.950000000000000000e+02 | 6.871962794084203097e+01
9.960000000000000000e+02 | 6.919052881180175518e+01
9.970000000000000000e+02 | 7.044208886663967917e+01
9.980000000000000000e+02 | 6.894958890927728135e+01
9.990000000000000000e+02 | 6.962339541819116562e+01
