0.0655037
0.06895394
0.06842002
0.06746208
0.0684619
0.07044577
0.06891999
0.07131456
0.06945323
0.06783649
0.06886928
0.06781456
0.06850476
0.06918118
0.06693933
0.06805465
0.07011266
0.06870218
0.06781477
0.06908079
0.06869178
0.06888101
0.06878536
0.06874368
0.06881969
0.07079033
0.06851464
0.06666925
0.0696635
0.06870413
0.06868169
0.06949587
0.07031976
0.07026852
0.07155573
0.0740886
0.07026935
0.07172168
0.07254827
0.07226555
0.07041468
0.07016391
0.06945291
0.0697971
0.07194168
0.07238184
0.07219386
0.07262218
0.07241215
0.07270473
0.07356447
0.07302057
0.07454039
0.07433894
0.07370293
0.07457013
0.07286364
0.07439405
0.0737211
0.07455992
0.0746036
0.07517869
0.07574546
0.07480257
0.07480015
0.07686948
0.07773888
0.07484203
0.07728994
0.0758728
0.07676479
0.07862395
0.07796443
0.07907605
0.07929773
0.07818272
0.07831855
0.0780239
0.07898092
0.07953768
0.07977251
0.07967782
0.08131778
0.08068589
0.08062279
0.08027613
0.08018417
0.08038061
0.08081294
0.08045647
0.08199348
0.08276643
0.08144554
0.08309185
0.08202684
0.08138246
0.08112897
0.08337661
0.08301965
0.08294505
0.08294399
0.08481404
0.08385128
0.08355835
0.08448627
0.08421032
0.08482584
0.08440162
0.08482454
0.08557505
0.08439183
0.08434766
0.08570201
0.08883938
0.08754616
0.08729115
0.08906318
0.08952844
0.08928632
0.0891797
0.08736381
0.08731171
0.08808785
0.08688851
0.08808517
0.09060376
0.0892754
0.09020641
0.08764994
0.09062192
0.09081444
0.09201604
0.0895282
0.09332256
0.09184676
0.09535884
0.09293952
0.09137859
0.09428268
0.09289813
0.09219802
0.09130237
0.0933558
0.09400421
0.09389082
0.09366459
0.09573406
0.09405888
0.096422
0.09462452
0.09424011
0.09494432
0.0930257
0.09379153
0.09558528
0.09515865
0.09224989
0.09293947
0.0928976
0.09568065
0.09597623
0.09410196
0.0960029
0.09626659
0.09632036
0.09568962
0.09703321
0.09627543
0.09556066
0.09558278
0.09533785
0.09755744
0.09834681
0.09711931
0.09808088
0.09644697
0.09650144
0.0984769
0.09998577
0.09913153
0.09577393
0.09941797
0.09711994
0.09775993
0.09754666
0.09952658
0.09909862
0.09730164
0.09820905
0.0985935
0.1009629
0.09974871
0.0995789
0.1004998
0.10022
0.09940577
0.09930902
0.09936516
0.1006169
0.1002469
0.09849693
0.1011411
0.1005752
0.1003919
0.1015597
0.102033
0.101902
0.1005976
0.1009266
0.1004011
0.1031385
0.1002529
0.1022155
0.1026547
0.1006701
0.1026873
0.1041995
0.1033301
0.1027172
0.103019
0.1034717
0.1043712
0.1034485
0.1030414
0.1018491
0.1029112
0.1066453
0.1044153
0.1028591
0.1040165
0.1024179
0.1039439
0.1044047
0.1041586
0.1030609
0.1046207
0.1011634
0.1042325
0.1033418
0.1030192
0.1072024
0.1036212
0.1057384
0.1072645
0.1054705
0.1084965
0.1068584
0.1071728
0.106516
0.1076544
0.104438
0.1065347
0.1082265
0.1077831
0.1074939
0.1086771
0.1091547
0.107416
0.1082481
0.1087846
0.1099196
0.1088406
0.1075994
0.1082674
0.109488
0.1082872
0.1092392
0.1092805
0.1084643
0.1075682
0.1086581
0.1075885
0.1078773
0.1080641
0.1088826
0.1064035
0.109841
0.1077203
0.1068234
0.1075132
0.107888
0.1095722
0.1103054
0.1083967
0.1072337
0.1070814
0.1093693
0.1080717
0.1086217
0.1110548
0.1096897
0.1095944
0.1090314
0.1093546
0.1123368
0.11276
0.1125339
0.1135816
0.1144782
0.114035
0.1118405
0.1142091
0.114656
0.1166823
0.1134629
0.1146209
0.1120883
0.1147311
0.1158146
0.1144913
0.1159973
0.1153568
0.1173563
0.11551
0.1150858
0.1163868
0.1147402
0.1159753
0.1177248
0.1148162
0.1165415
0.117452
0.1190167
0.1172114
0.117342
0.1171034
0.1171993
0.1172334
0.1175815
0.1172761
0.1177786
0.118256
0.1166169
0.1157135
0.1166928
0.1170265
0.1184382
0.1194312
0.1174714
0.1179773
0.1167902
0.1177354
0.1176586
0.1177328
0.1170279
0.1153339
0.1201479
0.1195832
0.1162358
0.1190504
0.1192223
0.120289
0.1220638
0.1201711
0.1194633
0.1190368
0.1190808
0.119954
0.1188213
0.1196263
0.1224927
0.1213911
0.122284
0.1238006
0.1225674
0.1234617
0.1227844
0.1238439
0.1214976
0.1219326
0.1244544
0.123134
0.1239761
0.1214749
0.1228284
0.1227282
0.1248972
0.1220966
0.1257218
0.1241695
0.1234265
0.1239189
0.1237334
0.124346
0.1264254
0.1250449
0.1248913
0.1240282
0.1238187
0.1242151
0.1234381
0.1266124
0.1248366
0.1230341
0.1212791
0.1227714
0.1245069
0.1225767
0.1244027
0.1257781
0.1231561
0.1250025
0.1255458
0.1250985
0.1250546
0.1261582
0.127285
0.1284673
0.1282687
0.126968
0.128425
0.1288519
0.1274945
0.1284267
0.1283162
0.1289399
0.1292233
0.1294882
0.1289758
0.1283803
0.1299065
0.1312798
0.1284139
0.1290262
0.1290405
0.1279694
0.1310024
0.1301454
0.1309268
0.1316636
0.1303772
0.1307822
0.1325504
0.1315954
0.1311044
0.1285561
0.1299145
0.1322669
0.1317263
0.1310441
0.1299909
0.1312651
0.1308151
0.1322527
0.1336828
0.1334618
0.1340454
0.1356419
0.1330782
0.1346202
0.1334728
0.1337937
0.1350165
0.13409
0.134866
0.1331897
0.136738
0.1340164
0.1361968
0.1361198
0.1360198
0.1375863
0.1345025
0.1365031
0.136217
0.1372438
0.1359411
0.134509
0.1351485
0.1354317
0.1394409
0.1386564
0.1393533
0.1384582
0.1410029
0.1399514
0.1399075
0.1384576
0.1355123
0.1407839
0.1366273
0.1428332
0.1421557
0.1413577
0.1433738
0.1382695
0.1416911
0.1431194
0.1415576
0.1416987
0.1421119
0.1417099
0.1421759
0.1420786
0.144796
0.1450528
0.1427739
0.140792
0.1451189
0.1443937
0.1423688
0.1428858
0.1445058
0.141257
0.1443621
0.1449379
0.1437401
0.1449278
0.1479944
0.1482727
0.1465494
0.1522379
0.1478294
0.1462937
0.1464051
0.1459255
0.1457358
0.1493562
0.1478272
0.1485325
0.1482072
0.1507922
0.1511082
0.1498682
0.1526889
0.153193
0.1521751
0.1517195
0.1511703
0.1508472
0.1518283
0.152454
0.1513178
0.1516714
0.1530921
0.1520286
0.1544599
0.1521991
0.1540673
0.1532135
0.1580688
0.154792
0.1535181
0.1552301
0.161561
0.1559835
0.158047
0.1577866
0.1579575
0.1585633
0.1577875
0.1585291
0.1593482
0.1593013
0.1597234
0.1598133
0.1602139
0.1587264
0.1610223
0.1579889
0.1606292
0.1595369
0.1593465
0.1619371
0.1638024
0.1626795
0.1632524
0.1580558
0.1605275
0.1592223
0.1613926
0.1612008
0.1648306
0.1627004
0.1622623
0.1645043
0.1635314
0.1654661
0.1655072
0.164413
0.1637914
0.1668644
0.1666638
0.1688699
0.1667363
0.1655426
0.1682553
0.1694596
0.1679408
0.1707808
0.171974
0.1676565
0.1684609
0.1694316
0.172075
0.1758551
0.1743038
0.1751913
0.1740986
0.1735322
0.1722937
0.1732176
0.1746341
0.1765043
0.1756579
0.1763656
0.175692
0.1776658
0.1782943
0.1780408
0.1802007
0.173427
0.1772141
0.1799996
0.1800277
0.1757475
0.1775885
0.1792282
0.1786928
0.1795021
0.1820639
0.1795354
0.1830616
0.1847803
0.1824892
0.1855712
0.1812276
0.1852039
0.1841878
0.1857703
0.1876959
0.1873738
0.1899163
0.1901982
0.186776
0.1923471
0.1901922
0.1920536
0.1916483
0.1898022
0.1918935
0.1918344
0.1914741
0.1943164
0.1946309
0.1942231
0.1957399
0.1959004
0.1954864
0.1937602
0.1986236
0.1990321
0.1989257
0.1980556
0.2002834
0.1998205
0.1985413
0.1988554
0.1981004
0.1983927
0.1987276
0.2000075
0.2007279
0.2033672
0.203495
0.2047754
0.2057603
0.2073704
0.2084941
0.2104131
0.2113586
0.2106138
0.2139698
0.2141003
0.2166227
0.2160856
0.2216222
0.2203819
0.2218346
0.2200575
0.2220386
0.2233822
0.2215126
0.2198809
0.2190548
0.2185161
0.2210499
0.2219396
0.2228381
0.2225495
0.2255911
0.2254069
0.2268494
0.2263715
0.2299117
0.2302979
0.2282691
0.2279628
0.2292592
0.2281126
0.2297978
0.2273891
0.2299942
0.2285926
0.229995
0.2263409
0.2282945
0.2284599
0.2304592
0.2357416
0.2382809
0.2352381
0.2381749
0.2349249
0.2361701
0.2364187
0.2370022
0.2392993
0.2363841
0.2354968
0.2409728
0.2399515
0.2435169
0.2428291
0.239314
0.2437264
0.2396981
0.2462866
0.2442033
0.2438662
0.2447124
0.2499131
0.2507905
0.2503
0.2468453
0.2495163
0.251561
0.2454916
0.2472039
0.2529409
0.2534461
0.2557111
0.2539205
0.2535591
0.2547374
0.2608036
0.2581131
0.2563802
0.260656
0.2648317
0.2574487
0.2617652
0.2621584
0.2618246
0.2637214
0.2654526
0.2687238
0.2682305
0.2683177
0.2739813
0.2761969
0.273909
0.2691302
0.2736619
0.2718508
0.2734129
0.2762036
0.2783381
0.279571
0.2839831
0.2857331
0.2849618
0.2873058
0.2828293
0.2868705
0.2808872
0.2815659
0.2828629
0.2945547
0.2874304
0.2884541
0.2901945
0.2877556
0.2914819
0.2977735
0.295784
0.2896165
0.2919419
0.2911705
0.2914409
0.2923987
0.2961322
0.2976069
0.2995567
0.2991877
0.3066001
0.3038933
0.311191
0.30921
0.3106208
0.312317
0.3010677
0.3035334
0.3049736
0.3088238
0.3111375
0.3125859
0.3123592
0.3122061
0.3114301
0.3169707
0.3127407
0.3140179
0.3164566
0.3209779
0.3196907
0.3241853
0.3234632
0.3259242
0.3233452
0.3223205
0.3307975
0.3342497
0.3250659
0.326988
0.3268466
0.3287646
0.3355561
0.3359985
0.332857
0.3331758
0.3374923
0.3350556
0.3414624
0.3419084
0.3392112
0.3431374
0.3453144
0.3448746
0.3446875
0.3470313
0.3471001
0.3525576
0.3598924
0.3484734
0.3496931
0.3488791
0.3507054
0.3520221
0.3577696
0.3626405
0.3626574
0.3536123
0.3586932
0.3603724
0.3651947
0.3648981
0.3695646
0.3634454
0.3651259
0.372308
0.3641594
0.3679606
0.367836
0.3710043
0.3685942
0.3815237
0.372376
0.3709703
0.3796058
0.3751238
0.3752533
0.3785565
0.3893604
0.3896904
0.3882738
0.3876209
0.3857913
0.383079
0.3902681
0.3903161
0.3885035
0.3916889
0.3969741
0.3948753
0.4034811
0.3962223
0.4013007
0.399175
0.4144842
0.414707
0.4130402
0.4192365
0.4145187
0.4176236
0.4140842
0.4247659
0.4261284
0.4307707
0.435093
0.4193175
0.4111657
0.4145166
0.4184576
0.4280911
0.4248899
0.4263977
0.4209053
0.4278609
0.4321219
0.4315043
0.4294095
0.4283543
0.4354573
0.4423796
0.437957
0.4481107
0.4462405
0.4460721
0.4462815
0.4441104
0.4465109
0.4374053
0.4350461
0.4417501
0.4416788
0.4490685
0.4477703
0.4489433
0.4538179
0.4576691
0.4540549
0.4560017
0.4537967
0.4614214
0.4629745
0.455258
0.4599721
0.4615385
0.468967
0.46262
0.4708945
0.4697309
0.4761445
0.4707361
0.4778869
0.4746451
0.4822659
0.4714304
0.4853615
0.4848335
0.4796826
0.4872917
0.484721
0.486527
0.4898206
0.4885536
0.4898345
0.4851525
0.4957777
0.4947577
0.4880709
0.4933937
0.4971578
0.4969108
0.4982726
0.4995001
0.5072416
0.507301
0.5034861
0.5091208
0.5058935
0.5165627
0.5126605
0.5106537
0.5167701
0.5180322
0.5238608
0.5246073
0.5277215
0.5265338
0.5236424
0.5329638
0.5246713
0.5256525
0.5250957
0.5308964
0.5347984
0.5303183
0.5333273
0.5353561
0.5359857
0.5390192
0.5427878
0.5420672
0.5382898
0.5426058
0.5432031
0.5506702
0.543601
0.5491282
0.5506628
0.5575624
0.5584748
0.5574497
0.5605204
0.557578
0.561795
0.5642119
0.5655609
0.5693765
0.5716525
0.5748785
0.5747199
0.5704664
0.5781828
0.5821677
0.5811005
0.5890831
0.5933107
0.5908696
0.5904246
0.5931595
0.5985151
0.5965603
0.6009169
0.6056607
0.6043308
0.6079263
0.6064637
0.605711
0.6095786
0.6097439
0.6136755
0.6152413
0.616565
0.6195992
0.6207765
0.6308152
0.6281991
0.626864
0.6317104
0.6296989
0.6352158
0.64076
0.6420074
0.6442931
0.6472625
0.6523911
0.65069
0.6500426
0.6529737
0.6549222
0.6569458
0.6731205
0.6753647
0.675857
0.678479
0.6819124
0.690113
0.6878815
0.6897266
0.6935238
0.6930505
0.6964621
0.7006192
0.6822161
0.6800785
0.6946524
0.6943817
0.6922373
0.6939682
0.6985779
0.6949265
0.7040584
0.7038091
0.7159146
0.7065065
0.7084882
0.7169671
0.7191904
0.7287874
0.7282238
0.7322064
0.7242474
0.7307754
0.735517
0.7455224
0.7451067
0.7542004
0.7569252
0.754774
0.761941
0.7699887
0.7676473
0.7710886
0.7773097
0.7954619
0.7776646
0.774488
0.7741799
0.7739794
0.7909985
0.7915371
0.7952146
0.7887172
0.799182
0.7970245
0.7944073
0.795263
0.797575
0.8046638
0.800493
0.8015727
0.8095074
0.8058442
0.8202368
0.8155502
0.8208121
0.8262228
0.8309543
0.8258527
0.827536
0.8506885
0.8495461
0.8427361
0.8490604
0.8496627
0.8602146
0.8569164
0.8559645
0.8658001
0.8634357
0.871793
0.8621133
0.8749424
0.8678274
0.8624472
0.8673249
0.8737832
0.8746561
0.871537
0.8720284
0.8718061
0.8870188
0.8835956
0.9068295
0.9014615
0.9136909
0.9099387
0.9072745
0.9147393
0.9162579
0.9125607
0.9301411
0.926866
0.9302639
0.926682
0.9453148
0.9611826
0.9513458
0.9516443
0.9648496
0.9679221
0.9727576
0.9671535
0.9733757
0.9769148
0.9829838
0.9756467
0.9839038
0.9854249
0.9895351
0.9859617
0.9851309
0.9875522
0.9932552
0.9843586
0.9978707
0.9930136
0.9905501
0.9964534
0.9964855
0.9973546
0.9932692
1.008158
1.00267
1.002207
1.011595
1.004101
1.016935
1.011654
1.021949
1.020024
1.020879
1.022086
1.032407
1.02292
1.03196
1.031139
1.040923
1.034735
1.04657
1.037744
1.058776
1.049556
1.04722
1.060802
1.06682
1.065204
1.065435
1.067954
1.066901
1.069995
1.07372
1.079409
1.078193
1.084555
1.082812
1.09603
1.082516
1.100369
1.099909
1.102656
1.098235
1.09103
1.105159
1.116103
1.10936
1.105564
1.10818
1.127047
1.107339
1.120316
1.120108
1.121886
1.141393
1.130497
1.125263
1.146633
1.151106
1.140557
1.13794
1.142365
1.159509
1.157901
1.151304
1.167357
1.157297
1.171808
1.168462
1.175164
1.182477
1.177193
1.17377
1.182859
1.199181
1.197182
1.18801
1.205654
1.19876
1.199167
1.208459
1.220629
1.210773
1.222696
1.225896
1.224378
1.225324
1.217814
1.230814
1.232918
1.236538
1.24581
1.247548
1.24266
1.244954
1.245848
1.247964
1.24095
1.246542
1.254972
1.271062
1.266442
1.264514
1.261975
1.273835
1.283785
1.279696
1.280702
1.304817
1.295702
1.27423
1.288282
1.290855
1.299042
1.308436
1.307823
1.304868
1.308964
1.31822
1.316621
1.349575
1.331567
1.327222
1.337754
1.340498
1.347901
1.347168
1.359671
1.356306
1.357303
1.344043
1.347751
1.35758
1.367603
1.377921
1.380101
1.379433
1.371229
1.370928
1.383118
1.386934
1.407226
1.390151
1.38528
1.399815
1.402499
1.399231
1.395904
1.400533
1.409211
1.443037
1.427403
1.423724
1.41182
1.417176
1.420301
1.424948
1.423255
1.424578
1.42702
1.441484
1.442036
1.446032
1.449813
1.447531
1.453815
1.438897
1.448581
1.458456
1.459902
1.45897
1.469434
1.466794
1.468293
1.459551
1.486719
1.47043
1.482531
1.490861
1.482562
1.491363
1.494178
1.497727
1.499477
1.502631
1.521567
1.520886
1.522842
1.51717
1.527579
1.52789
1.516642
1.540141
1.543216
1.533462
1.528712
1.532863
1.540791
1.54226
1.544869
1.545069
1.557364
1.536272
1.553163
1.556867
1.566315
1.552997
1.561271
1.561044
1.570509
1.571978
1.569377
1.581592
1.58582
1.584023
1.594329
1.5903
1.597122
1.600909
1.598947
1.606586
1.607476
1.609884
1.622343
1.620882
1.616389
1.623171
1.634733
1.630907
1.634211
1.63598
1.639356
1.639165
1.643212
1.645972
1.65524
1.65871
1.663197
1.662748
1.673544
1.673439
1.67966
1.682906
1.680231
1.689746
1.730392
1.697771
1.685266
1.704319
1.704654
1.706347
1.71458
1.711745
1.716958
1.724725
1.725374
1.741211
1.739897
1.739635
1.734419
1.74724
1.755283
1.746746
1.74433
1.752893
1.782117
1.768863
1.786423
1.774813
1.766093
1.78817
1.781573
1.794283
1.801455
1.80787
1.82048
1.812962
1.815777
1.810178
1.819269
1.817428
1.829208
1.828962
1.840004
1.83344
1.840563
1.840289
1.840524
1.85884
1.866048
1.86129
1.871674
1.873766
1.886813
1.88199
1.895823
1.899566
1.908634
1.918831
1.918277
1.923312
1.936401
1.950532
1.952371
1.936835
1.968626
1.965586
1.966846
1.976179
1.967615
1.963994
1.979389
1.997929
1.989295
1.988412
1.98946
1.995472
1.99099
1.987074
2.006154
2.006971
2.015537
2.017144
2.017202
2.046915
2.034157
2.039983
2.026281
2.0392
2.045619
2.038255
2.046096
2.034895
2.052424
2.082626
2.074514
2.077127
2.058905
2.069249
2.083007
2.091349
2.08699
2.095006
2.069592
2.057191
2.092484
2.112777
2.103599
2.116226
2.12129
2.125164
2.140076
2.121054
2.160202
2.147268
2.170981
2.134857
2.161379
2.146708
2.164926
2.157317
2.176839
2.157872
2.166667
2.171763
2.195097
2.188935
2.200127
2.19192
2.211489
2.22485
2.215406
2.219912
2.220938
2.231339
2.239255
2.230652
2.222656
2.255297
2.249085
2.250202
2.254315
2.281542
2.243339
2.288761
2.284365
2.294555
2.286482
2.276518
2.295916
2.32737
2.346774
2.315546
2.319218
2.31168
2.321669
2.354865
2.327978
2.33321
2.334852
2.339621
2.365123
2.340234
2.375242
2.354299
2.377294
2.380262
2.366886
2.343343
2.369304
2.381513
2.389715
2.398668
2.386046
2.395324
2.396244
2.388343
2.409412
2.4139
2.406868
2.40147
2.405079
2.361539
2.421402
2.411142
2.408426
2.381801
2.407113
2.429016
2.400117
2.421645
2.438993
2.425179
2.427252
2.435064
2.444667
2.445506
2.462879
2.466213
2.4375
2.469948
2.451618
2.464731
2.487988
2.495601
2.495807
2.520995
2.5143
2.503831
2.545748
2.512824
2.538418
2.52995
2.555474
2.594074
2.573282
2.56509
2.564143
2.566879
2.5824
2.606047
2.586897
2.632519
2.602524
2.606562
2.600966
2.631973
2.647202
2.682966
2.689954
2.673551
2.698918
2.689142
2.65893
2.704089
2.716196
2.74918
2.711091
2.710185
2.772885
2.748672
2.760473
2.757076
2.775704
2.78266
2.808801
2.787703
2.828444
2.805241
2.81424
2.836244
2.839119
2.865431
2.874541
2.860127
2.849224
2.855673
2.863209
2.868262
2.874712
2.892457
2.904011
2.905313
2.915633
2.934382
2.935246
2.922528
2.930216
2.929345
2.923942
2.941412
2.954053
2.965587
2.969154
2.977644
2.977209
2.978279
2.968902
2.979339
2.965615
2.973623
2.97752
2.97929
2.979347
2.989781
3.005749
3.011667
3.04585
3.025856
3.011598
3.029048
3.060615
3.065078
3.056092
3.040112
3.040168
3.028113
3.015795
3.011219
3.015761
3.015923
3.021187
3.044446
3.031068
3.039449
3.044898
3.050547
3.051124
3.058347
3.068166
3.069916
3.074022
3.098836
3.077623
3.082095
3.107205
3.091416
3.087595
3.077343
3.073851
3.072575
3.094051
3.090141
3.091519
3.08963
3.109739
3.096351
3.091401
3.105412
3.117058
3.133375
3.144522
3.12508
3.14454
3.131194
3.160218
3.118813
3.135863
3.151277
3.142762
3.163214
3.161264
3.168933
3.162337
3.182538
3.192726
3.189576
3.209153
3.199301
3.198
3.202566
3.196875
3.176011
3.217981
3.242405
3.221292
3.185942
3.183357
3.18611
3.223524
3.213079
3.272429
3.239161
3.248091
3.245167
3.258646
3.259757
3.273326
3.285219
3.279652
3.28881
3.301358
3.334177
3.301237
3.323753
3.305336
3.334937
3.315121
3.324095
3.283987
3.313269
3.334554
3.338412
3.318974
3.324011
3.318938
3.304877
3.294981
3.326622
3.323728
3.317572
3.31406
3.320906
3.295035
3.302416
3.30519
3.326143
3.321695
3.310688
3.342571
3.340412
3.34775
3.365466
3.361395
3.367876
3.436095
3.376704
3.377651
3.370125
3.400845
3.396856
3.402438
3.439482
3.410852
3.383809
3.393454
3.373847
3.442343
3.466845
3.329715
3.402556
3.362295
3.379894
3.316349
3.402479
3.342529
3.344577
3.325061
3.28399
3.314666
3.413913
3.319879
3.297534
3.412844
3.296727
3.398379
3.406781
3.365523
3.342651
3.271937
3.35022
3.314938
3.250999
3.301698
3.324032
3.326474
3.357314
3.362086
3.376242
3.406086
3.328895
3.374662
3.333888
3.409506
3.299865
3.308048
3.317976
3.341824
3.293418
3.302161
3.303073
3.29335
3.344611
3.357034
3.424882
3.411683
3.405455
3.338553
3.403337
3.357583
3.436198
3.443959
3.302019
3.418807
3.410363
3.36957
3.326517
3.320305
3.375998
3.380364
3.403724
3.407943
3.426488
3.319689
3.348496
3.352169
3.388009
3.35632
3.385757
3.395779
3.36463
3.342948
3.315821
3.355376
3.357471
3.369428
3.379992
3.394449
3.378108
3.371957
3.372097
3.389192
3.402047
3.397052
3.408705
3.425254
3.432578
3.462798
3.465174
3.459098
3.477642
3.464235
3.483172
3.503607
3.505406
3.511272
3.538192
3.554933
3.565779
3.601368
3.613293
3.613862
3.613127
3.613472
3.652597
3.536563
3.608998
3.697762
3.631378
3.618948
3.743466
3.797987
3.634455
3.743432
3.621449
3.837382
3.727761
3.725298
3.746477
3.711762
3.755977
3.707075
3.777298
3.760222
3.770897
3.787674
3.773211
3.805341
3.942078
3.775071
3.766017
3.964285
3.813178
3.684887
3.892712
3.845879
3.809156
3.770923
3.880846
3.785156
3.948694
3.841473
3.957352
3.903468
3.974463
4.010149
3.927923
3.860752
3.891258
4.015161
3.902953
3.899683
4.07948
3.972535
3.979574
4.062694
3.936089
3.995624
4.036889
3.989674
3.970473
4.00202
4.040613
4.055967
3.983815
4.024759
4.087103
4.05431
4.099121
4.128623
4.199167
4.045542
4.112038
4.126611
4.103352
4.105345
4.205109
4.267197
4.213453
4.165403
4.127553
4.200291
4.068659
4.079899
4.29269
4.372282
4.054143
4.134732
4.26444
4.168005
4.167276
4.231941
4.50408
4.222234
4.250453
4.263351
4.193466
4.217275
4.294513
4.081492
4.208336
4.076334
4.260402
4.370182
4.446963
4.310778
4.541286
4.158741
4.325494
4.373685
4.519754
4.606822
4.450408
4.439138
4.412714
4.648396
4.561308
4.44434
4.462634
4.547373
4.56145
4.293418
4.557618
4.514663
3.985314
4.410349
4.52239
4.079727
4.344594
4.432698
4.036419
4.167259
4.23638
4.212311
4.149167
3.872889
4.233401
4.084059
4.244095
4.083923
4.237801
4.335521
4.279923
4.146709
4.220356
4.17868
4.14948
4.23823
4.172576
4.213451
4.191745
4.139302
4.183079
4.191747
4.198141
4.141319
4.141885
4.219962
4.199026
4.197512
4.258654
4.240203
4.184832
4.157012
4.210217
4.225109
4.1658
4.125601
4.201699
4.276532
4.212775
4.225813
4.256426
4.21913
4.171531
4.139369
4.242206
4.289674
4.214839
4.226085
3.649113
3.889595
3.721123
3.894425
3.863176
3.894782
3.923324
3.902907
3.85
3.857421
3.840738
3.868854
4.050224
3.842296
3.887351
3.872517
4.017459
3.936004
3.966238
3.863273
3.940519
3.951707
3.925059
3.827685
3.891849
3.89115
3.824605
3.896368
3.928686
3.925414
3.978494
3.83242
3.965557
3.862688
3.929588
3.841897
3.814788
3.833399
3.934221
3.938874
3.82173
3.899671
3.809374
3.878047
3.888638
3.918903
3.834431
3.918738
3.897286
3.866624
3.870026
3.817767
3.950881
3.881786
3.897856
3.909476
3.883913
3.915338
3.902916
3.76214
3.814449
3.855129
3.795928
3.77211
3.755008
3.592988
3.682934
3.719186
3.719502
3.593801
3.651745
3.688899
3.671535
3.70447
3.675323
3.718711
3.701588
3.685552
3.717484
3.694087
3.651996
3.641402
3.639183
3.660198
3.665012
3.6432
3.641892
3.644199
3.631335
3.671212
3.70194
3.653925
3.637322
3.654972
3.668923
3.692026
3.69236
3.714158
3.71474
3.726061
3.740402
3.724602
3.747945
3.759129
3.715975
3.749934
3.749619
3.710558
3.732207
3.731235
3.729131
3.747342
3.754802
3.775616
3.779004
3.757941
3.799238
3.823205
3.854341
3.83872
3.85115
3.829478
3.795305
3.828368
3.850839
3.831463
3.826295
3.834866
3.83153
3.848673
3.818736
3.868765
3.925706
3.882077
3.880981
3.900306
3.904761
3.915063
3.929782
3.899774
3.920277
3.954364
3.953606
3.871711
3.799185
3.85133
3.834258
3.85014
3.853212
3.851716
3.855213
3.878483
3.87562
3.890742
3.887306
3.879136
3.883211
3.872965
3.914266
3.955628
3.940037
3.949986
3.896226
3.953409
3.912243
3.892316
3.940925
3.93535
3.769864
3.901823
3.889453
3.910818
3.897713
3.882775
3.892955
3.914101
3.916342
3.954712
3.927939
3.896819
3.91085
3.928902
3.964913
3.965157
3.944317
3.972135
3.921947
3.99802
4.035176
3.811337
3.786765
4.050624
3.785903
3.904139
3.991139
3.758885
3.840536
3.827838
3.85218
3.838234
3.758244
3.884208
3.86286
3.87501
3.741525
3.722268
3.907179
3.811972
3.853118
3.826953
3.837569
3.941485
3.992146
3.916117
3.915295
3.939475
3.941796
3.79178
3.960501
3.870461
3.981367
3.871007
4.047838
3.910561
4.022413
3.971569
3.857575
4.022522
3.904835
3.922037
3.991097
4.047578
4.027969
3.996351
3.644249
4.21861
4.138083
3.955282
4.246367
4.063102
4.026938
4.063447
4.098722
4.081815
4.006696
4.07529
4.093675
4.078332
4.042892
4.16252
4.212136
4.117513
4.228617
4.10052
4.156777
4.203989
4.29103
4.160649
4.10148
4.201581
4.053465
4.14396
4.041946
4.121828
4.20993
4.144955
4.084316
4.179881
4.264474
4.18242
4.215453
4.100354
4.088236
4.09742
3.887995
4.183738
4.153802
4.018811
3.922143
3.92467
4.214766
4.153247
3.989779
3.850389
4.121811
4.110829
4.202281
4.181195
4.207608
4.176025
4.190578
4.190488
4.055474
4.215621
4.128734
4.108743
4.231815
4.01766
4.150795
4.132234
4.169137
4.195692
4.203895
3.88448
4.15604
4.194183
4.082613
4.193729
4.193298
4.129164
4.151911
4.263574
4.276482
4.357212
4.095423
4.153027
4.189165
4.292873
4.208801
4.158257
4.297863
4.33897
4.157429
4.194191
4.188342
4.207818
4.048067
4.143461
4.035568
4.139023
4.317936
4.149794
4.186534
4.244591
4.269232
4.002276
4.23349
4.093627
4.181545
4.089587
4.124214
4.267072
4.173228
4.236327
4.427045
3.901676
4.196303
4.189198
4.160313
4.068654
4.117873
4.083091
4.165593
4.117876
4.325116
4.217161
3.997117
4.016677
4.036286
4.04593
4.11085
3.893043
4.115953
4.275732
4.032187
4.048672
4.088173
4.079364
3.9652
4.19474
4.061828
4.028182
3.89863
4.009202
4.100967
3.949217
4.059541
4.012313
3.972877
4.062757
4.03747
4.02178
3.959646
4.079243
4.076535
4.180501
4.130407
3.963095
4.09928
4.082159
4.081437
4.118622
3.929162
4.020573
3.997477
4.017262
3.930704
4.004586
3.993186
3.982462
4.022531
3.966609
3.951282
3.907525
3.954194
3.975634
3.880571
3.91965
3.934916
3.859195
3.834689
3.87002
3.888748
3.920368
3.913076
3.900161
3.901206
3.925847
3.919646
3.865144
3.840739
3.899752
3.837319
3.871991
3.876931
3.837241
3.914992
3.888399
3.860519
3.85801
3.840798
3.869737
3.873105
3.881434
3.899267
3.916541
3.886437
3.893521
3.875378
3.858594
3.903007
3.906423
3.892612
3.886827
3.935037
3.915484
3.915689
3.883753
3.9568
3.940158
3.944966
3.878203
3.934936
3.893048
3.904001
3.970217
3.925741
3.871051
3.962623
3.83913
4.017815
3.88115
4.040537
3.898877
4.088054
3.984398
3.988272
3.914826
3.76427
3.9917
3.894017
3.943566
3.925107
3.969784
4.039336
3.932077
4.063407
4.27033
3.876717
3.954218
3.886029
3.88932
4.034282
3.970162
3.9145
4.058056
3.932002
3.967152
3.93976
4.026439
4.052459
4.000171
3.991977
4.004118
4.065989
3.970314
4.005996
3.868062
4.06613
4.07232
4.03888
4.022643
3.909147
4.007831
4.134855
4.014403
4.096465
3.938093
4.309252
3.972066
3.95348
3.883975
3.958493
3.860067
3.971365
4.048929
4.062747
4.080864
4.007639
4.08237
4.079226
4.068771
4.055826
4.160612
4.211774
4.083794
4.103359
4.058808
4.069087
4.278801
4.133615
4.157883
4.062968
4.026408
4.037898
3.988967
4.096079
4.19264
4.119127
4.20049
4.187959
4.126496
4.047641
4.132677
4.112673
4.104434
4.28815
4.136064
4.083725
3.953991
4.14201
3.8411
4.097803
4.144589
4.156669
4.000678
4.044785
3.976923
3.942713
4.121667
4.15618
4.109249
4.146883
4.041612
4.127077
4.034383
4.106784
3.916375
4.159726
4.028116
3.921922
3.969921
4.135473
4.207983
3.961003
4.102902
4.156493
4.064992
4.14069
4.079485
4.162493
4.184473
4.04961
4.211714
4.233424
4.084198
4.065863
4.200516
4.155032
4.187271
4.175671
4.164514
4.051461
4.117667
4.083519
4.197916
4.139914
4.101665
4.118782
4.073819
4.170252
4.076629
4.066101
4.180393
4.103657
4.142737
4.072953
4.019986
4.006991
4.066464
4.010885
4.176545
4.013849
4.095714
4.177856
4.147184
4.002705
4.049366
4.080882
3.980453
4.080853
4.158825
3.992678
4.099738
4.007004
4.084129
3.975326
4.009144
4.088109
4.099832
3.979181
4.02724
4.091445
4.106858
3.979118
4.152911
4.053901
4.128464
4.012429
4.067366
3.977872
4.047166
4.004871
4.160507
3.972342
3.984642
4.061815
4.179409
4.081053
4.064663
3.896295
4.022117
4.041889
4.084826
4.068131
4.12377
4.070684
4.159606
4.090246
4.191132
4.016032
4.257263
4.036543
4.016833
4.008899
4.059115
4.009232
4.077652
4.137904
4.195449
4.136432
4.147617
3.888321
4.012421
4.14646
4.165197
4.177685
4.09818
4.000656
3.915762
3.944781
3.787604
3.688256
3.767419
3.78978
3.879915
3.809045
3.842849
3.799933
3.803444
3.844564
3.953239
3.853685
3.851129
3.965892
3.80765
3.93557
3.98562
4.072183
3.965765
3.899299
4.04674
4.056851
4.093979
4.024603
4.045736
4.01049
4.126021
4.007935
4.189674
4.11134
4.017539
4.033347
4.116139
4.187574
4.013675
4.019926
3.96893
4.043733
4.061083
4.047562
4.153444
4.111236
3.98019
4.000424
3.955139
3.985495
4.066525
4.118179
3.915413
4.053667
4.068152
4.012023
4.008022
3.967053
3.973755
4.02972
4.036162
4.086433
4.056515
4.052061
4.18759
4.082151
3.994954
4.14063
4.104612
3.987386
4.042094
4.054461
3.824326
3.975373
3.830384
3.87495
4.145758
4.029468
4.031972
4.076375
3.979117
4.061208
4.103241
4.009732
4.128023
4.015456
4.141947
4.108451
3.987694
3.898864
4.040721
4.186502
4.053309
3.95399
3.957478
4.02813
4.236754
4.169053
4.012492
3.920434
3.965072
4.127465
3.9139
4.049229
4.003298
4.098524
4.09908
4.095295
4.001218
4.161595
4.096797
4.13148
4.087481
4.086812
4.117205
4.193725
4.122926
4.065923
4.172874
3.801545
4.00115
3.968622
3.904613
3.968059
3.937351
4.116842
3.988686
3.972933
4.043513
4.020118
3.953693
4.052291
3.907436
4.021488
4.054861
4.012237
4.036505
3.966657
4.050788
3.985292
4.066262
3.955249
4.007143
4.013142
4.094337
3.982785
4.135036
4.13338
4.003611
4.060055
4.115677
4.081199
4.143972
4.208965
4.208447
4.125519
4.134041
4.258611
4.213361
4.179511
4.109279
4.182372
4.16428
4.167989
4.163263
4.197007
4.184993
4.168118
4.141977
4.120873
4.10409
4.168739
4.147043
4.151387
4.119095
4.114176
4.158401
4.159988
4.108673
4.130851
4.153091
4.095624
4.099738
4.183937
4.15252
4.146819
4.217487
4.074353
4.151596
4.122705
4.155248
4.073548
4.084243
4.139722
4.153809
4.158117
4.343975
4.159802
4.296665
4.237941
4.062658
4.076547
4.130825
4.158314
4.002712
4.147746
4.064551
4.136388
4.096954
4.231015
4.26465
4.109855
4.146365
4.052928
3.997024
4.133457
4.136482
4.194541
4.065278
4.149394
4.133702
4.160095
4.172984
4.049303
4.146929
4.021625
3.945423
4.084422
4.066298
4.059373
4.11899
3.979531
4.006752
4.013733
4.03
4.063204
4.151837
4.016613
4.149744
4.094677
4.044668
4.062541
4.218192
4.054063
4.238645
4.151479
4.130022
4.081426
4.16989
4.137984
4.115673
4.076879
4.067678
4.058717
4.131885
4.132696
3.97125
4.040609
4.077099
4.006068
4.060938
4.149483
4.014784
4.023285
4.121915
4.152007
4.09199
4.119126
3.904676
4.082061
4.116513
4.147922
4.068316
4.153877
4.184187
4.159074
4.126724
4.146277
4.112794
4.156966
4.199597
4.170225
4.076587
4.101849
4.21269
4.135889
4.175733
4.19032
4.022062
4.242747
4.09544
4.151205
4.247346
4.25614
4.143392
4.155264
4.107604
4.126956
4.127453
4.115619
4.129013
3.919027
4.13892
4.136903
4.135912
4.073501
4.1341
4.026611
4.048906
4.019949
3.986949
4.083861
4.067336
4.094001
4.019306
4.061496
4.040219
4.006515
4.039639
4.038916
3.98961
3.918906
4.025317
3.957847
4.000399
4.067668
4.00042
3.988015
3.934441
3.977415
3.997262
3.977658
3.96624
3.954548
4.083065
3.981817
3.984773
4.005002
4.015068
3.9421
3.961817
3.906168
3.95259
3.994649
3.934075
3.883399
3.845486
3.914952
3.856191
4.047247
3.912141
3.824593
3.746688
3.820838
3.77402
3.893213
3.917188
3.863846
3.811142
3.854731
3.846102
3.945753
3.929397
3.889123
3.889452
3.92371
3.820809
3.896083
3.860367
3.947802
3.970742
3.868
3.966299
3.937355
3.968675
3.965859
3.951194
4.020785
3.978552
3.936225
3.971685
3.954872
3.883368
3.947422
3.823841
3.948054
3.962337
3.960786
3.980304
3.976067
3.906921
4.151401
3.975968
3.943712
4.011029
4.099988
3.908882
3.901954
3.873487
4.037322
3.963268
3.839267
3.934224
3.997498
3.96153
3.893043
3.913308
3.969343
4.012179
3.965655
4.099659
4.028022
4.074827
3.899221
4.051187
4.082329
4.125809
4.004717
3.944694
3.973327
4.10413
3.868689
4.003629
4.024909
4.009801
4.125115
4.042756
3.97556
4.247344
4.124413
4.079002
4.042076
4.142399
3.973172
4.091959
4.292644
4.183546
4.044269
4.078563
4.026956
4.002614
4.105655
4.032246
4.039518
4.04034
4.078537
4.095599
4.077477
4.130762
4.090806
4.055077
4.08645
4.065363
4.053409
4.021315
4.053724
4.031034
4.00866
4.036479
4.038449
4.020679
4.04616
4.062552
4.048102
4.042997
4.028147
4.114763
4.101806
4.072178
4.003475
4.049952
3.965263
4.000548
3.992011
4.162816
3.92917
4.058167
4.107005
4.034534
3.887585
3.928727
4.048471
3.987389
3.82379
4.051828
4.087118
4.066568
4.095308
4.032453
3.922273
4.092437
4.101338
4.030607
3.939813
4.034447
4.029793
3.919168
4.021911
3.991713
4.147476
4.060921
4.028414
3.967916
3.969492
3.920639
4.026155
4.062889
4.040815
4.047525
4.035411
3.989156
3.978368
3.906692
3.95566
4.004996
3.995938
3.976807
4.023502
4.055592
4.011656
4.080664
4.053359
4.067597
3.904541
4.105413
3.98654
4.066761
4.111066
4.143028
3.844285
4.032182
4.051264
4.078117
4.026474
4.173045
4.095973
3.998169
4.084394
4.080903
4.070406
4.12605
4.145752
4.082811
4.110046
4.160841
4.097052
4.190413
4.213798
4.169511
4.109427
3.953769
3.932289
3.980088
3.921939
4.02205
3.935504
4.000206
4.050602
4.057325
4.009393
3.913227
3.825533
4.007042
3.806635
3.840186
3.848778
3.836607
3.867474
3.767934
3.831631
3.918027
3.904136
3.948038
3.893251
3.887126
3.929146
3.979941
3.896677
3.871635
3.872159
3.919081
3.918981
3.914495
3.956831
3.929533
3.938216
3.909117
3.901665
3.887805
3.886302
4.016587
4.042472
3.990664
3.989558
3.974552
4.021584
3.994589
4.004086
4.024854
4.006721
4.0403
4.069272
4.023895
4.055524
4.044191
4.108989
4.10158
4.077047
4.120967
4.120267
4.124109
4.149299
4.119925
4.141689
4.159911
4.15367
4.145848
4.123688
4.149791
4.153368
4.164058
4.153371
4.152604
4.179094
4.154399
4.174871
4.174883
4.177381
4.190633
4.190387
4.156919
4.194512
4.173592
4.176073
4.187071
4.191026
4.21455
4.270179
4.254828
4.245554
4.26354
4.2584
4.233484
4.271603
4.2187
4.203035
4.210752
4.194275
4.200807
4.240012
4.208116
4.208324
4.196966
4.230111
4.216151
4.204334
4.251551
4.202456
4.200765
4.242099
4.345448
4.260011
4.114789
4.192554
4.222135
4.307546
4.158759
4.300875
4.203623
4.357714
4.207736
4.505792
4.546687
4.255292
4.273522
4.331572
4.25208
4.265408
4.57057
4.434724
4.461947
4.496278
4.234668
4.262693
4.196084
4.452659
4.340808
4.49586
4.330342
4.30509
4.411608
4.379565
4.412118
4.292996
4.375115
4.214685
4.558207
4.264454
4.46592
4.333083
4.342314
4.207708
4.382359
4.362767
4.377814
4.252364
4.394755
4.320668
4.43045
4.388902
4.404242
4.334448
4.310078
4.504085
4.457215
4.473443
4.282106
4.499612
4.321353
4.315645
4.320656
4.503049
4.458694
4.511131
4.505385
4.366778
4.314388
4.361632
4.518723
4.423781
4.366463
4.57328
4.37843
4.443018
4.442187
4.386909
4.439835
4.458716
4.452631
4.250074
4.492279
4.493348
4.375095
4.235165
4.36686
4.283382
4.492105
4.326476
4.33679
4.47451
4.488772
4.326142
4.451228
4.464853
4.416092
4.57289
4.297039
4.382545
4.434019
4.528951
4.305221
4.419826
4.518006
4.490092
4.613827
4.42693
4.486291
4.457263
4.441767
4.438303
4.278931
4.393617
4.246639
4.54921
4.566125
4.516968
4.434954
4.507919
4.546061
4.534155
4.437437
4.662467
4.572102
4.596101
4.521259
4.679147
4.639503
4.642819
4.653747
4.551558
4.368865
4.791964
4.75187
4.978056
4.69752
4.664247
4.64435
4.646194
4.606925
4.565812
4.645396
4.837045
4.835192
4.768997
4.684377
4.789804
4.840557
4.829125
4.754108
4.657803
4.675049
4.61287
4.505177
4.772201
4.666276
4.822857
4.606924
5.067005
4.733912
4.804091
4.515739
4.748574
4.574438
4.599465
4.646873
4.657213
4.7613
4.625793
4.619596
4.767515
4.633302
4.730514
4.701842
4.640988
4.773527
4.58608
3.812271
3.811915
3.868902
3.857494
3.893501
3.895727
3.877159
3.883994
3.939966
3.917045
3.956242
3.918928
3.937723
3.951262
3.862808
3.957348
3.948506
3.948781
3.937125
3.960979
3.989255
3.934771
4.092978
4.070201
3.985385
3.946939
3.990236
4.070088
3.946953
3.965247
3.98392
4.017623
4.015935
4.079206
4.062149
4.059028
4.09196
4.133678
4.109482
4.078513
4.155141
4.102375
4.115393
4.190588
4.170871
4.249635
4.205239
4.214647
4.147337
4.141697
4.156125
4.218259
4.254842
4.175892
4.243783
4.478926
4.304604
4.156236
4.279407
4.31273
4.341866
4.261763
4.276721
4.306248
4.239014
4.214776
4.242835
4.273099
4.279365
4.343192
4.309534
4.442866
4.481965
4.451721
4.470386
4.540387
4.386657
4.504882
4.428266
4.378085
4.409328
4.429341
4.222589
4.431673
4.49359
4.367914
4.488266
4.536569
4.521311
4.509338
4.52236
4.548991
4.334238
4.499107
4.788542
4.453206
4.547758
4.647535
4.770553
4.760439
4.783623
4.516738
4.516129
4.697607
4.698748
4.489215
4.711147
4.520867
4.516785
4.599581
4.57268
4.503542
4.621477
4.587973
4.506248
4.498251
4.543375
4.543442
4.343006
4.734441
4.471867
4.516325
4.537816
4.834333
4.611389
4.740252
4.617697
4.676947
4.763725
4.641786
4.633885
4.718991
4.820903
4.593157
4.653381
4.628185
4.842217
4.936547
4.7065
4.750772
4.624707
4.596336
4.616903
4.579298
4.776947
4.759151
4.730982
4.818172
4.808304
4.751559
4.759948
4.681192
4.687153
4.826061
4.459266
4.774584
4.704671
4.927276
4.599433
4.479065
4.601375
4.757532
4.714506
4.505069
4.635131
4.503615
4.741283
4.68081
4.783753
4.683644
4.709169
4.759347
4.868175
4.772567
4.610424
4.518266
5.044346
4.90086
4.888827
4.390475
4.70324
4.677581
4.809643
4.937965
4.755379
4.638318
4.797674
4.606004
4.788534
4.667586
4.737827
4.602187
4.732388
4.508023
4.891849
4.611798
4.567346
4.605283
4.614505
4.84482
4.886225
5.09878
4.798457
4.859279
4.843151
4.802667
4.811154
5.240751
4.866383
4.601106
4.833358
4.599173
4.690825
4.518488
4.724173
4.819626
4.549156
4.800114
4.885506
4.740602
4.844315
4.665816
4.826705
4.899224
4.915552
4.741584
4.686757
4.751614
4.547673
4.71676
4.714098
4.745416
4.900733
4.692348
4.968237
4.716006
4.625679
4.92661
4.652893
4.807059
4.617844
4.854973
4.738052
4.932045
4.731605
4.682262
4.869287
4.673846
4.696352
4.770427
4.733429
4.928436
4.719467
4.813744
4.750324
4.756871
4.803816
4.684287
4.891204
4.784407
5.132826
4.735327
4.770247
4.749118
4.872394
4.735241
4.779418
4.829695
4.970581
4.816175
4.651694
4.900727
4.636059
4.836236
4.858807
4.777466
4.826316
4.858865
4.958486
4.610982
5.131929
4.702135
4.814933
4.891539
4.96444
4.556686
4.887756
4.720707
4.767643
4.783802
4.827902
4.811954
4.681181
4.822244
4.865263
5.075812
4.956541
4.866784
4.669665
4.482834
4.88194
4.66398
4.617004
4.787728
4.74714
4.883153
4.678939
4.648525
4.696638
4.811619
4.845133
4.775162
4.712489
4.853015
4.575853
4.695536
4.789881
4.75311
4.644424
4.712547
4.68733
4.836106
4.680212
4.694453
4.663399
4.673887
4.554562
4.727395
4.751083
4.671124
4.673114
4.674359
4.738879
4.66787
4.656732
4.740339
4.725626
4.7084
4.675715
4.68911
4.678042
4.685176
4.819925
4.664467
4.652844
4.690335
4.645733
4.642813
4.63617
4.427614
4.636165
4.621649
4.647988
4.713932
4.716378
4.700407
4.673155
4.828749
4.701007
4.628898
4.690212
4.636906
4.5602
4.644283
4.615257
4.671731
4.69609
4.676291
4.621409
4.668094
4.603093
4.627849
4.639269
4.645891
4.676919
4.651896
4.602331
4.663832
4.589478
4.571594
4.659554
4.625988
4.751082
4.564828
4.433013
4.542463
4.674582
4.617179
4.646573
4.710621
4.620841
4.748299
4.61697
4.401583
4.355828
4.45237
4.50318
4.488035
4.501125
4.474418
4.65613
4.426411
4.678642
4.70657
4.634197
4.635225
4.699073
4.568059
4.720671
4.582607
4.46826
4.838322
4.480163
4.70494
4.372667
4.568321
4.481414
4.378803
4.649036
4.397136
4.685129
4.6289
4.471126
4.628611
4.575493
4.52423
4.397968
4.534829
4.429803
4.546764
4.560339
4.435596
4.6744
4.284266
4.537893
4.476628
4.278002
4.378374
4.506277
4.309001
4.501305
4.718576
4.291679
4.523311
4.493449
4.515195
4.265581
4.324965
4.24248
4.337914
4.347284
4.544312
4.594517
4.490541
4.232864
4.61017
4.572944
4.404976
4.323277
4.251863
4.491695
4.187801
4.476179
4.280267
4.525121
4.506399
4.408899
4.549573
4.435006
4.466391
4.287353
4.393778
4.381259
4.503478
4.480568
4.367096
4.502479
4.50571
4.313614
4.490612
4.387435
4.401841
4.411373
4.250663
4.424522
4.586191
4.402832
4.412988
4.398984
4.386696
4.382802
4.425672
4.376455
