0.2812222
0.2828958
0.2787724
0.277489
0.2813456
0.281464
0.2815119
0.2706833
0.2793235
0.2803243
0.2791605
0.2771059
0.2812724
0.2793061
0.2820666
0.2776365
0.2670608
0.27644
0.2805556
0.2816428
0.2786386
0.2767346
0.2759543
0.2787152
0.2870388
0.2727228
0.2814052
0.2777628
0.2729711
0.277123
0.2733351
0.2727399
0.2602895
0.281948
0.2787659
0.2848567
0.2815327
0.270926
0.2694887
0.2706618
0.2715051
0.28169
0.2565643
0.2646419
0.2706576
0.273052
0.2690416
0.2719999
0.2648738
0.2717573
0.2840536
0.2803998
0.2715668
0.270733
0.2745462
0.2796709
0.2653405
0.2751704
0.2836378
0.2952334
0.2734667
0.2706663
0.2753288
0.2691042
0.2729224
0.2721113
0.2815311
0.2780382
0.2690017
0.2820845
0.2676266
0.2785801
0.274642
0.2657278
0.279138
0.2737028
0.2753056
0.2778489
0.268677
0.2606591
0.277085
0.2582892
0.278805
0.265876
0.2821731
0.2738724
0.2683396
0.2782772
0.265286
0.2886734
0.2782397
0.2707052
0.2799539
0.2872182
0.2731777
0.2855876
0.2843399
0.2887861
0.2850495
0.2829368
0.2866454
0.2727529
0.2947988
0.2810614
0.2739925
0.2682703
0.2784686
0.2700124
0.2913821
0.2826576
0.2654377
0.2869036
0.2741621
0.2808582
0.2873015
0.2783515
0.260458
0.273652
0.274252
0.2750866
0.2816014
0.2767715
0.2752473
0.2778503
0.2788575
0.2776386
0.2732292
0.2850776
0.2743523
0.2784079
0.2801398
0.2739347
0.2780562
0.2719592
0.2700154
0.2798795
0.2678179
0.2762831
0.2725949
0.2620022
0.2740846
0.2821463
0.2958444
0.266862
0.2722324
0.2800953
0.269813
0.2522369
0.2634904
0.2672032
0.2881564
0.2689085
0.2726071
0.2773013
0.2659293
0.2754498
0.2769661
0.2677174
0.2589684
0.2773757
0.2737739
0.2723569
0.2763904
0.2658883
0.2590518
0.2677233
0.2815472
0.2658604
0.2626689
0.276037
0.27222
0.2653908
0.2708055
0.263304
0.2575483
0.2657399
0.2828962
0.2841096
0.2759709
0.2871992
0.2738467
0.2725767
0.2815295
0.2675936
0.2584366
0.2731737
0.2834532
0.2844433
0.2790998
0.2680758
0.2567392
0.2757986
0.26736
0.2772435
0.279395
0.2658634
0.2609941
0.2627943
0.2697177
0.2756407
0.2881309
0.2692479
0.2643689
0.2696616
0.2631475
0.2690301
0.27085
0.2636423
0.2798252
0.2604231
0.2597806
0.2598638
0.2753028
0.2787272
0.2711009
0.272928
0.2744317
0.2714345
0.2530622
0.2613821
0.2716769
0.2672981
0.2691037
0.2709745
0.2719941
0.2700728
0.2657162
0.2668632
0.2720682
0.2700283
0.2578812
0.2685825
0.2666151
0.2657022
0.2498803
0.2714318
0.2635045
0.2720734
0.2604574
0.2683411
0.2625481
0.285197
0.2480731
0.2698542
0.2698235
0.268345
0.2836506
0.261042
0.262632
0.2791535
0.2670753
0.2702019
0.2727698
0.2704679
0.2721806
0.270333
0.2717746
0.2745335
0.2736884
0.2726943
0.2696716
0.2700587
0.2724893
0.2679517
0.2710557
0.2694507
0.2700638
0.2763173
0.2687605
0.2683424
0.2726006
0.2728008
0.2814705
0.2868648
0.2859499
0.2516261
0.270745
0.2658
0.2702395
0.260553
0.2736423
0.2682803
0.2741025
0.2648113
0.2842355
0.2932652
0.2672317
0.2633391
0.2805629
0.2603954
0.2652525
0.2598003
0.2879229
0.25624
0.2684414
0.2819774
0.2690357
0.2675364
0.2730049
0.2737504
0.2750331
0.2723247
0.2754864
0.2606202
0.2683563
0.2696955
0.2768368
0.2898764
0.2606944
0.2662807
0.2848808
0.275286
0.2665616
0.2640562
0.2670389
0.2729865
0.273307
0.2857278
0.273299
0.2717258
0.2697518
0.2761037
0.2685925
0.2662131
0.2654185
0.2667239
0.2822139
0.2616356
0.2512322
0.2682525
0.25789
0.2685823
0.2673384
0.2735579
0.2711202
0.2709169
0.2730658
0.2761898
0.2720488
0.2540562
0.2715012
0.2747212
0.2679976
0.2736762
0.2748716
0.2700828
0.2673393
0.2623526
0.2692501
0.2773413
0.2733639
0.2718802
0.26503
0.2731297
0.275363
0.2728937
0.2746402
0.2773345
0.2692162
0.2769438
0.2623862
0.2748878
0.2714341
0.2685131
0.2726507
0.2708229
0.2820276
0.2746756
0.2693668
0.2807047
0.2756576
0.2746606
0.2746296
0.2753895
0.2711182
0.292942
0.2735036
0.2730247
0.2732055
0.2727441
0.274346
0.2700635
0.2730403
0.2759933
0.2755673
0.2721275
0.2711766
0.2735271
0.2712632
0.2691112
0.2745331
0.2769467
0.2913077
0.263776
0.2741142
0.2711937
0.2725194
0.2753375
0.2723709
0.2729544
0.2726336
0.2723892
0.2693712
0.2791764
0.2768627
0.2543683
0.2714681
0.2675729
0.2825043
0.2723266
0.2933113
0.2706207
0.2743815
0.2786622
0.267747
0.2796553
0.2861619
0.2762105
0.2727566
0.2843701
0.2907301
0.2743865
0.2690136
0.2802073
0.2789296
0.2744987
0.2698112
0.2659204
0.2680106
0.2778736
0.2717895
0.278605
0.2856944
0.2694408
0.278728
0.2815011
0.2741945
0.2737532
0.2794067
0.2719928
0.2739775
0.2758728
0.2730841
0.2794522
0.2893842
0.2743801
0.2743895
0.2774009
0.2784686
0.2623145
0.2785391
0.2947674
0.2596586
0.2595839
0.2738863
0.2856034
0.2796206
0.2801175
0.2727834
0.2854434
0.2803634
0.2777856
0.2883292
0.2767987
0.277322
0.2729744
0.2750208
0.2786113
0.2821889
0.2746253
0.2895491
0.2879498
0.2843898
0.2693135
0.2677773
0.2838959
0.2873924
0.2898835
0.2808417
0.2819927
0.2830842
0.2837466
0.2810995
0.2813821
0.2848239
0.2784631
0.2797307
0.2795219
0.2648425
0.2669574
0.2753315
0.2774105
0.2718023
0.2749239
0.2889372
0.2841059
0.2629113
0.2841489
0.2818272
0.2766637
0.2747701
0.273194
0.2790962
0.283613
0.2865737
0.2881934
0.2880016
0.2901864
0.2752032
0.2844863
0.2655787
0.2684412
0.2817607
0.2835963
0.2770205
0.2785121
0.2870033
0.280556
0.2800036
0.273859
0.2681124
0.2888063
0.2833183
0.2755561
0.2799771
0.2832292
0.2816326
0.2773571
0.2697715
0.2816289
0.2846441
0.2856009
0.2831857
0.2629845
0.2834676
0.2807957
0.2821575
0.2833681
0.288563
0.2863935
0.2878246
0.2877151
0.2801304
0.2791025
0.2841631
0.2877747
0.2768823
0.2825929
0.2768097
0.2812455
0.2869617
0.279807
0.3046891
0.2832165
0.2783969
0.2775166
0.2918561
0.285392
0.2818377
0.2849797
0.2847559
0.2889823
0.2846149
0.2879008
0.2865227
0.2832942
0.2859611
0.2836986
0.283499
0.2827993
0.2906699
0.2874521
0.2877965
0.296592
0.2809328
0.2882717
0.2811032
0.291686
0.2895279
0.2824355
0.277931
0.2917831
0.2704828
0.2802148
0.2936232
0.2672369
0.2955657
0.2824211
0.2842563
0.2859239
0.2833916
0.283998
0.282481
0.2819054
0.2968233
0.2913968
0.2762034
0.2856724
0.2874491
0.285838
0.2892548
0.2939483
0.2916977
0.2779436
0.2863417
0.2893007
0.2873857
0.2962764
0.2987312
0.295952
0.2845825
0.2925941
0.2821611
0.2929167
0.2900271
0.2953698
0.2972597
0.2896764
0.2915164
0.2899875
0.3027382
0.2967294
0.2935152
0.2802368
0.2886774
0.2939223
0.2922991
0.2939099
0.2985111
0.2946336
0.2964494
0.2941566
0.2944328
0.2967768
0.2935347
0.3000839
0.2922265
0.2982572
0.2974292
0.2962401
0.2955744
0.2921234
0.2971122
0.2967913
0.2970968
0.2939849
0.295702
0.2995987
0.2990483
0.2983492
0.2924501
0.289711
0.2960872
0.2968003
0.2983871
0.3054567
0.3019798
0.2994404
0.2978187
0.3010728
0.294954
0.30007
0.3013055
0.3006847
0.2995501
0.3125499
0.3012089
0.2984411
0.3029295
0.3024971
0.3023158
0.3020704
0.3013212
0.2994065
0.3003837
0.302877
0.3008598
0.3055547
0.3017127
0.3028352
0.3039161
0.3013276
0.3032445
0.3032708
0.3062939
0.3062939
0.3039005
0.3045677
0.3063057
0.2993548
0.3042505
0.3038202
0.3024435
0.3080649
0.3043008
0.3050089
0.3051918
0.3085545
0.3074996
0.3050664
0.3085726
0.3093771
0.308699
0.3059491
0.3124655
0.3047214
0.3018661
0.3066161
0.3030628
0.3088062
0.316435
0.3179063
0.3044035
0.2985896
0.3085574
0.3143608
0.3003523
0.3110411
0.3175607
0.3210728
0.3101769
0.3134413
0.3086438
0.308049
0.3152692
0.3045047
0.311138
0.3164532
0.3076349
0.3119276
0.3128108
0.3183111
0.3154946
0.3163213
0.3143475
0.3184347
0.3167881
0.3150648
0.3165239
0.3199494
0.319092
0.3160913
0.3164721
0.3272608
0.330121
0.3206427
0.3293972
0.3186588
0.3190334
0.3208097
0.3188746
0.3181014
0.3184612
0.3151414
0.3279834
0.3239014
0.3212164
0.3272931
0.3198123
0.3317789
0.3259382
0.3256401
0.3157958
0.3222043
0.336406
0.3157518
0.3239293
0.3193492
0.3282459
0.3199252
0.33251
0.3258943
0.3243352
0.3343685
0.3228081
0.3343318
0.3269146
0.320281
0.3292766
0.3240325
0.3363258
0.3204861
0.3132332
0.3312173
0.3271222
0.3267385
0.3397393
0.3168851
0.3321772
0.3247114
0.337775
0.3344044
0.3412781
0.3335397
0.3373921
0.3310405
0.3367665
0.3317461
0.330378
0.3333654
0.329478
0.3429744
0.3437892
0.3305376
0.3447613
0.3338395
0.3366576
0.3470649
0.341865
0.3349848
0.3435429
0.3491137
0.3397453
0.3409324
0.3391473
0.3365088
0.3495574
0.3395492
0.3420325
0.3470037
0.339118
0.3377846
0.3412292
0.3399853
0.3443887
0.3400855
0.3436294
0.3432098
0.3464644
0.3473726
0.3431525
0.3442143
0.3478378
0.3482478
0.3495928
0.3489377
0.3456154
0.349243
0.3475347
0.3505536
0.3496523
0.3509143
0.3506817
0.350593
0.3492315
0.3546715
0.3537639
0.3500833
0.3521563
0.3544674
0.3547818
0.3505633
0.3544598
0.3551336
0.3559894
0.3528872
0.3605861
0.3576411
0.3569189
0.3530934
0.3639526
0.3560603
0.3710872
0.3593819
0.3725466
0.348473
0.3658781
0.3688332
0.3440213
0.3713533
0.3624771
0.3628737
0.3665263
0.366621
0.3694934
0.3675162
0.3649167
0.3691807
0.3681432
0.3685637
0.3712637
0.3702991
0.368391
0.3693925
0.369789
0.3717691
0.375548
0.3708219
0.3755598
0.3716342
0.3749783
0.3729295
0.3762617
0.3800159
0.3782069
0.3778784
0.3722002
0.3815063
0.3789956
0.3725131
0.3777966
0.3823112
0.3800776
0.3760227
0.3771731
0.3933143
0.3793
0.377599
0.3721605
0.3967006
0.388108
0.3679063
0.3784444
0.3848226
0.4004889
0.3932646
0.4006875
0.3970624
0.3819814
0.3961988
0.3865747
0.3995183
0.408122
0.3973703
0.4022006
0.4043952
0.4005473
0.3837637
0.3795531
0.4057556
0.4097577
0.3914611
0.3929907
0.40616
0.4009103
0.3949672
0.406136
0.4073001
0.3923957
0.4227067
0.4046605
0.3930866
0.4050848
0.4040113
0.3997737
0.4051195
0.3995687
0.4101857
0.4117663
0.4160969
0.4150054
0.4157079
0.4190809
0.4014825
0.4167441
0.3994789
0.4123949
0.405685
0.426478
0.4026431
0.4251985
0.4094202
0.3996897
0.4080581
0.4157524
0.4385064
0.4438146
0.4364896
0.4221098
0.4193453
0.4199563
0.4171991
0.432072
0.4243537
0.4226391
0.4237028
0.4370961
0.4198963
0.4231719
0.4147488
0.4361799
0.4475573
0.4145848
0.4312978
0.4365753
0.4194381
0.428551
0.409185
0.4438079
0.4316252
0.4386143
0.4343817
0.4388464
0.4350717
0.44244
0.4361689
0.4472932
0.4359678
0.4386302
0.4441758
0.4469701
0.4538907
0.4266661
0.4457984
0.4537521
0.4515428
0.4530528
0.4540141
0.4499396
0.4489589
0.4623039
0.4477602
0.4635446
0.4381262
0.463554
0.4732691
0.4452078
0.4540776
0.4669954
0.471112
0.4434811
0.4535701
0.4674094
0.4679115
0.4723217
0.4789398
0.4504389
0.4631676
0.466557
0.4718751
0.4801291
0.4806586
0.4748732
0.4939136
0.4899152
0.4728077
0.4881719
0.4819548
0.5018985
0.5014791
0.4826749
0.4815188
0.4864977
0.4811013
0.4885586
0.4870787
0.4909441
0.4938099
0.4883577
0.4867149
0.4872921
0.4922282
0.4856069
0.5003331
0.4993487
0.5057867
0.4963522
0.5174507
0.5076068
0.5045233
0.5074143
0.504332
0.5051242
0.5107855
0.5077133
0.5114398
0.5126552
0.5120196
0.5146148
0.5143568
0.5214882
0.5330787
0.5063948
0.5141012
0.5196876
0.5263913
0.5219975
0.510203
0.5310808
0.5295921
0.5338415
0.5255134
0.5220039
0.5437955
0.5406682
0.5416973
0.5388844
0.5380821
0.5304241
0.5127924
0.5332785
0.5493564
0.5463458
0.5448978
0.5451282
0.5447096
0.5569013
0.5345494
0.5414245
0.5639787
0.5462777
0.5506427
0.554795
0.5477987
0.5524652
0.5456677
0.5537096
0.5655172
0.5470751
0.5695866
0.5537765
0.5701526
0.5612559
0.5702242
0.5679228
0.5742414
0.5618215
0.5864906
0.5814845
0.6002148
0.5751595
0.5809302
0.5839669
0.5848282
0.592817
0.5845987
0.5908633
0.5904618
0.5884041
0.5985669
0.5978497
0.6023292
0.6027489
0.5946855
0.597069
0.6155166
0.5876224
0.6131313
0.6103357
0.6067755
0.6045953
0.6248658
0.6032125
0.6216447
0.6219144
0.6183658
0.62425
0.621133
0.6197134
0.6194346
0.6317524
0.6267017
0.6289487
0.6339758
0.6405715
0.6355541
0.6408669
0.6464429
0.6349885
0.6478544
0.6548021
0.6391375
0.6389649
0.6403399
0.6453235
0.6712359
0.6472125
0.651254
0.6733205
0.6816771
0.66875
0.6546378
0.6534999
0.6688985
0.6489043
0.676017
0.6606112
0.6755927
0.6702619
0.6958446
0.6864048
0.6884855
0.6911863
0.6667837
0.6789384
0.6861548
0.696518
0.6735566
0.7065463
0.7015545
0.7049933
0.6876468
0.7016049
0.6928601
0.7054225
0.731643
0.7050564
0.705099
0.738157
0.7093204
0.7006471
0.7136762
0.7216194
0.7398891
0.7390594
0.7235081
0.7120097
0.7354506
0.7535913
0.7452554
0.7446477
0.7505829
0.7204165
0.7511861
0.7679967
0.7712613
0.7572599
0.7573939
0.7568369
0.7415487
0.7621019
0.7591233
0.7742571
0.7545182
0.775023
0.7820157
0.7414208
0.7769874
0.7842926
0.7640638
0.7844612
0.7731563
0.8070322
0.8178131
0.7851958
0.8050662
0.778564
0.7967963
0.7898692
0.8085011
0.8049026
0.8083989
0.8146621
0.8038094
0.8092959
0.8421654
0.7874229
0.8085659
0.8486523
0.8443275
0.8313603
